0036188586 20.9
0036718806 9.9
0036855248 10.2
0036124803 7.0
0036302877 0.1
0036174269 20.6
0036575976 10.4
0036883574 19.3
0036681915 21.9
0036467768 12.1
0036502579 23.3
0036311775 11.1
0036814917 11.5
0036804955 22.5
0036978596 0.2
0036348643 2.4
0036480229 17.2
0036378353 11.4
0036562508 7.7
0036296199 13.9
0036555277 1.0
0036560471 14.6
0036105590 20.8
0036299550 14.4
0036641430 15.5
0036443702 9.6
0036328649 21.2
0036294713 6.5
0036568740 16.4
0036682944 15.2
0036181963 14.9
0036368258 10.4
0036661338 16.5
0036044034 23.1
0036952822 0.3
0036709035 22.8
0036123572 16.2
0036273252 15.8
0036528011 6.5
0036750074 3.3
0036581394 6.7
0036706366 7.4
0036180704 8.9
0036085705 18.6
0036236502 20.2
0036096320 11.7
0036601852 22.1
0036962898 14.5
0036857416 6.9
0036635970 12.9
0036223360 5.6
0036858548 21.6
0036947807 14.9
0036635833 9.1
0036339612 9.1
0036732317 5.4
0036023376 10.0
0036497244 7.1
0036546528 1.1
0036536665 19.2
0036932328 17.4
0036466584 20.1
0036376102 12.0
0036904531 18.4
0036464505 14.2
0036024547 0.7
0036925085 7.5
0036934125 5.0
0036362253 0.4
0036435974 10.0
0036873706 20.9
0036070856 6.1
0036383598 13.5
0036719859 5.2
0036393993 18.6
0036729857 16.8
0036360454 9.4
0036563868 2.7
0036589706 7.9
0036463972 0.2
0036890465 7.7
0036784443 22.4
0036538894 9.2
0036813935 5.7
0036856708 2.6
0036999764 8.1
0036150217 13.9
0036480397 14.0
0036500018 16.7
0036487570 7.2
0036460714 23.8
0036918647 14.1
0036109274 0.3
0036853555 18.9
0036189130 5.9
0036855451 14.5
0036345871 13.4
0036020385 18.0
0036858801 0.5
0036486546 23.3
0036448307 7.3
0036217587 11.8
0036074909 8.5
0036011915 17.8
0036751759 18.1
0036688314 6.7
0036524884 22.3
0036964681 23.0
0036656932 4.8
0036839693 12.5
0036003035 5.5
0036546885 5.6
0036612107 6.4
0036206232 5.3
0036904712 19.2
0036567955 20.2
0036738701 5.9
0036473808 10.8
0036452803 9.0
0036304922 20.8
0036524979 22.6
0036279107 14.5
0036398536 2.5
0036886818 20.4
0036158094 9.3
0036976287 10.8
0036608631 7.4
0036696203 11.8
0036607240 16.7
0036117837 14.2
0036784921 18.3
0036304148 20.6
0036699017 8.8
0036552691 13.2
0036127049 17.2
