0036177932 19.9
0036980889 17.2
0036348849 12.4
0036032630 12.1
0036340126 18.8
0036741821 22.3
0036853844 9.8
0036552691 18.2
0036682944 0.6
0036442065 2.4
0036542946 19.1
0036976287 16.3
0036691604 12.5
0036974876 16.8
0036716287 10.2
0036030805 20.6
0036217587 12.8
0036436697 17.1
0036925085 19.3
0036934125 23.6
0036304148 19.6
0036360454 6.1
0036720610 21.2
0036828860 14.3
0036024547 8.1
0036230122 17.8
0036445180 13.6
0036460714 21.3
0036904712 13.7
0036082508 16.1
0036934089 3.0
0036189505 14.0
0036983399 8.7
0036304922 9.3
0036426634 5.5
0036814917 20.2
0036378062 10.8
0036682655 11.0
0036659619 2.0
0036464505 17.5
0036537883 19.7
0036893918 8.0
0036474267 0.8
0036810114 23.1
0036481812 22.4
0036992767 4.8
0036446418 13.0
0036487069 0.9
0036566248 19.2
0036656839 16.3
0036535830 9.5
0036328649 20.3
0036991561 7.3
0036317628 21.4
0036853555 14.5
0036040468 1.3
0036340018 2.6
0036661338 7.2
0036042613 3.6
0036378358 19.8
0036497244 5.8
0036706366 19.7
0036575976 23.5
0036273252 13.0
0036908704 2.8
0036312621 3.7
0036342752 7.2
0036447220 2.8
0036022658 6.5
0036935661 1.7
0036144663 3.4
0036641430 21.8
0036883574 4.8
0036886818 20.3
0036699017 16.9
0036398536 0.8
0036555277 1.5
0036464351 11.2
0036560471 1.0
0036739052 12.4
0036805347 0.8
0036020785 15.7
0036307966 6.5
0036696203 20.7
0036343648 14.1
0036211333 1.8
