0036276021 13.7
0036682944 14.2
0036414537 16.8
0036555466 11.6
0036189441 3.9
0036719859 14.3
0036704667 18.2
0036986517 17.7
0036728729 10.2
0036177932 17.8
0036030805 16.2
0036445180 18.9
0036486714 17.3
0036328120 22.0
0036280547 19.9
0036288004 8.0
0036559467 19.3
0036378062 14.1
0036499888 7.2
0036304922 9.3
0036070856 7.1
0036566248 7.3
0036425263 11.6
0036178084 3.3
0036286079 0.9
0036814917 22.8
0036820774 7.1
0036904712 7.6
0036934125 9.7
0036562508 23.2
0036765561 8.7
0036841268 2.8
0036925085 21.1
0036751759 12.8
0036577489 19.8
0036983399 18.4
0036007079 12.0
0036918666 4.2
0036935661 16.9
0036999764 24.1
0036448134 8.6
0036265644 2.3
0036908704 20.9
0036487570 14.4
0036217587 0.4
0036756979 6.8
0036109274 11.7
0036499834 12.2
0036074028 23.5
0036041128 19.9
0036368258 18.1
0036714068 6.0
0036802340 7.1
0036783618 14.1
0036243055 16.5
0036876710 6.3
0036720610 0.1
0036614443 16.4
0036018209 11.1
0036340018 12.3
0036155159 1.3
0036463972 23.6
0036165725 23.6
0036621568 15.7
0036886818 7.1
0036366624 17.0
