0036150217 17.6
0036988406 20.7
0036855248 13.8
0036512848 7.2
0036546893 14.7
0036589706 6.8
0036828860 14.7
0036042948 15.4
0036567605 11.9
0036785350 4.5
0036904712 1.0
0036853555 3.4
0036048381 23.9
0036682944 2.1
0036378353 14.5
0036377260 15.0
0036473808 4.6
0036051261 3.0
0036181963 20.3
0036729857 12.7
0036560471 7.4
0036030805 20.5
0036480397 20.7
0036641430 22.8
0036889742 8.0
0036739052 4.0
0036688314 3.6
0036925085 21.0
0036020785 15.5
0036838806 16.2
0036890465 17.2
0036435974 12.0
0036177932 12.0
0036042613 7.5
0036122084 21.1
0036232855 11.3
0036383598 13.1
0036467768 15.2
0036635970 17.6
0036608631 0.9
0036784921 22.4
0036485064 4.6
0036445218 14.3
0036741821 19.6
0036621568 17.5
0036699017 12.7
0036567955 6.4
0036524979 18.9
0036499888 9.9
0036404541 11.8
0036236502 18.1
0036142408 23.4
0036509555 9.3
0036763362 20.6
0036964681 2.3
0036415831 22.5
0036499834 8.6
0036096320 15.7
0036850374 3.9
0036920960 14.5
0036805649 18.9
0036537883 23.8
0036656839 21.7
0036307041 19.5
0036857434 23.2
0036005936 7.1
0036082508 14.6
0036304922 22.0
0036805347 19.2
0036032630 17.5
