0036542558 14.4
0036005936 6.8
0036020785 20.5
0036847706 7.7
0036237752 11.8
0036820774 20.3
0036378062 12.2
0036566248 7.0
0036193481 10.3
0036805431 11.8
0036178084 18.0
0036326950 12.0
0036377260 2.2
0036239294 13.6
0036486714 2.2
0036042948 5.2
0036424217 22.6
0036187462 0.6
0036546893 2.4
0036384710 14.3
0036473351 7.8
0036042964 11.1
0036974876 21.7
0036763362 12.6
0036430849 12.1
0036789715 1.5
0036042613 2.5
0036838806 21.4
0036310112 1.6
0036144663 21.1
0036007079 4.8
0036889742 12.3
0036656839 4.9
0036665018 7.2
0036197341 9.0
0036993677 16.1
0036509555 12.0
0036108156 0.8
0036555466 16.8
0036539505 21.7
0036442065 8.2
0036986517 21.8
0036445066 23.9
0036664080 18.5
0036446418 17.5
0036805649 1.0
0036804739 7.2
0036523284 15.9
0036614443 2.0
0036322726 8.7
0036320637 1.2
0036574925 22.9
0036594390 16.2
0036280547 5.7
0036639131 22.8
0036298915 8.0
0036720610 9.2
0036328120 6.7
0036691604 11.4
0036542946 19.1
0036918666 2.3
0036849533 0.3
0036841615 22.2
0036791462 21.0
0036857434 4.0
0036988406 16.6
0036400619 18.9
0036120183 17.8
0036878881 19.4
