0036535830 0.7
0036150217 1.3
0036988406 13.6
0036602214 10.3
0036762035 9.4
0036201058 4.3
0036635833 9.3
0036688314 9.8
0036041128 5.3
0036800544 8.7
0036165725 0.4
0036273252 15.5
0036562508 15.4
0036523284 11.7
0036449792 21.5
0036704667 15.7
0036480229 7.8
0036802340 9.8
0036197341 16.4
0036840759 0.9
0036992767 8.7
0036600305 13.3
0036767067 13.3
0036564663 16.3
0036499834 15.8
0036391456 4.1
0036574925 9.6
0036528011 15.0
0036642213 20.7
0036181963 21.4
0036348849 20.0
0036594390 15.9
0036529851 18.1
0036176039 10.3
0036660938 22.9
0036537883 4.6
0036967348 7.8
0036535102 21.8
0036639131 10.7
0036302877 9.5
0036698406 3.8
0036178084 21.1
0036278906 18.5
0036765561 1.2
0036040468 15.3
0036983399 6.2
0036893918 15.1
0036400619 13.2
0036524884 17.8
0036310112 0.3
0036828860 5.9
0036538894 21.5
0036974876 22.9
0036020385 20.1
0036480397 5.5
0036857434 16.0
0036785350 0.7
0036616393 21.1
0036699017 13.5
0036304076 9.4
0036607240 16.3
0036466584 15.5
0036368258 20.8
0036560471 2.2
0036532868 2.0
0036371412 23.6
0036122084 5.0
0036920960 7.8
0036117896 10.2
0036684773 5.0
0036207260 13.4
0036750074 18.4
0036486546 13.9
0036144297 14.0
0036552385 22.2
0036853555 4.4
0036626084 5.8
0036404541 5.0
0036545005 2.8
