0036855451 2.3
0036626084 20.3
0036791462 12.4
0036562508 17.8
0036532868 13.8
0036441006 16.6
0036279107 16.7
0036079719 20.0
0036635970 13.6
0036417902 17.7
0036709827 11.4
0036857434 23.2
0036805431 7.6
0036612107 20.2
0036665018 9.8
0036486714 1.6
0036042613 2.1
0036443702 14.1
0036310112 10.6
0036552385 23.7
0036339612 18.4
0036841615 14.7
0036317628 5.3
0036243055 15.1
0036187462 22.6
0036741821 5.7
0036762035 21.8
0036499834 18.8
0036398536 21.0
0036165725 4.7
0036435974 12.7
0036582220 20.4
0036883574 9.8
0036366624 8.7
0036535830 11.0
0036287922 10.0
0036063644 18.8
0036449181 2.1
0036839693 7.5
0036155159 11.9
0036178145 12.1
0036463781 12.8
0036304148 1.4
0036993677 24.0
0036679141 22.3
0036286079 10.0
0036051261 17.6
0036577489 10.3
0036581394 19.9
0036546528 1.8
0036340126 5.1
0036363810 6.1
0036430849 22.2
0036810114 18.2
0036020385 17.9
0036730082 16.5
0036934125 1.9
0036023376 14.2
0036343648 22.6
0036641430 19.9
0036756979 1.2
0036602214 20.9
0036022658 1.1
0036539505 3.2
0036524884 2.1
0036704402 13.1
0036312621 8.5
0036545005 20.4
0036391456 14.3
0036497244 16.3
0036239294 10.0
0036988983 5.8
0036606109 20.1
0036206232 22.8
0036368258 8.7
0036007079 3.6
0036820774 7.2
0036538894 16.8
0036266319 13.7
0036976287 18.4
0036036177 19.0
0036476177 0.4
0036445218 22.2
