0036378353 18.1
0036448307 19.8
0036704402 14.4
0036320637 10.5
0036371132 7.9
0036304076 17.8
0036978596 11.9
0036841018 8.2
0036074028 2.5
0036856708 9.5
0036538894 23.4
0036005936 10.1
0036479329 4.2
0036855522 3.1
0036804955 22.3
0036765561 9.6
0036114518 7.8
0036762035 13.8
0036654651 9.1
0036684773 9.9
0036463781 15.9
0036197341 21.3
0036209472 18.5
0036717266 14.4
0036484679 11.8
0036714068 7.5
0036727924 19.4
0036889742 6.9
0036188254 20.6
0036404541 19.6
0036487342 16.5
0036549184 22.2
0036698406 5.6
0036445066 9.1
0036207260 16.4
0036791892 12.8
0036606109 11.7
0036639131 22.1
0036800544 8.1
0036326893 18.1
0036196177 22.6
0036656932 11.5
0036096320 22.1
0036900460 12.0
0036158094 13.0
0036403320 9.4
0036181963 22.4
0036635970 17.2
0036232855 4.7
0036545005 23.6
0036051261 12.3
0036424217 6.0
0036509555 19.0
0036178084 6.4
0036239294 23.1
0036015032 3.7
0036176039 19.4
0036464909 5.9
0036290796 5.1
0036288004 20.3
0036417902 0.3
0036571041 18.2
0036366624 15.3
0036279107 17.3
0036778837 19.0
0036124803 9.2
0036206232 12.8
0036449792 19.8
0036855248 23.3
0036301920 21.3
0036164471 18.9
0036350999 13.8
0036589706 4.7
0036499888 9.4
0036743477 10.9
0036535102 0.0
0036441006 0.8
0036485064 17.1
0036619448 5.6
0036127049 14.4
0036612107 12.6
0036534749 0.4
0036878881 22.7
0036642213 22.3
0036117837 2.0
0036838806 23.2
0036326950 7.9
