0036682655 15.4
0036480397 5.8
0036849533 22.0
0036322726 22.2
0036415831 5.2
0036616918 17.7
0036546893 20.0
0036378062 6.8
0036117896 8.8
0036435992 0.1
0036340126 23.9
0036449181 17.4
0036301920 18.2
0036935661 22.3
0036163949 4.4
0036487570 13.9
0036800544 19.9
0036176039 10.6
0036079719 15.2
0036606109 2.6
0036328649 7.0
0036988406 2.7
0036487232 13.3
0036500018 20.6
0036302877 3.5
0036581394 20.1
0036542558 17.5
0036767067 22.0
0036704667 23.6
0036304922 19.5
0036502579 1.1
0036363810 7.0
0036619448 3.3
0036001295 9.3
0036886818 15.7
0036791462 12.9
0036751499 23.8
0036430849 21.5
0036007079 17.6
0036991561 22.6
0036479329 5.7
0036751759 9.9
0036486546 5.9
0036840759 12.8
0036239294 9.2
0036536665 12.7
0036976287 23.5
0036445218 3.4
0036932328 12.7
0036165725 21.6
0036611269 16.2
0036311775 18.3
0036366624 11.3
0036105590 4.2
0036696203 4.5
0036466584 24.0
0036784921 11.3
0036918666 23.6
0036384710 23.8
0036070856 6.9
0036804955 0.8
0036276021 4.9
0036952822 23.9
0036174269 17.7
0036386304 7.9
0036855451 5.3
0036839693 5.8
0036783618 9.1
0036036177 19.6
0036504874 9.9
0036566248 7.3
0036814917 6.2
0036633779 21.8
0036348643 5.9
0036398536 21.9
0036243055 10.7
0036685447 13.8
0036567955 6.8
