0036414537 19.4
0036549184 21.1
0036122084 4.7
0036666266 6.4
0036424217 23.9
0036980889 19.6
0036342220 1.2
0036986191 0.3
0036117896 13.2
0036836801 0.2
0036193481 3.7
0036974876 2.9
0036552691 17.3
0036659619 14.0
0036288004 12.1
0036127049 13.4
0036855522 15.8
0036504874 17.1
0036559467 13.3
0036371412 7.5
0036029802 6.9
0036460714 18.3
0036142408 0.7
0036449792 7.0
0036450455 3.3
0036189505 19.5
0036265644 18.9
0036044034 14.5
0036738701 10.0
0036380988 15.1
0036463972 13.5
0036542558 3.7
0036814917 23.1
0036391210 17.6
0036020785 22.0
0036178084 14.1
0036614443 13.0
0036298915 4.4
0036326893 23.6
0036494503 4.9
0036280547 13.1
0036350999 12.9
0036692710 18.1
0036048381 8.8
0036804955 8.0
0036497215 20.2
0036546893 14.1
0036177932 7.4
0036189441 20.6
0036173809 20.2
0036042964 4.9
0036716287 16.9
0036876710 17.5
0036791892 2.9
0036290796 10.7
0036371132 23.9
0036853555 20.7
0036542946 8.4
0036041128 1.1
0036855248 10.8
0036473351 6.3
0036535102 11.2
0036108156 8.9
0036964681 1.5
0036304076 19.1
0036594390 18.9
0036681915 0.1
0036348849 2.2
0036988406 17.8
0036920960 23.8
0036196177 9.3
0036923408 12.5
0036480397 8.9
0036751759 20.6
0036288399 5.1
0036619448 19.7
0036750405 3.3
0036378358 21.6
0036307966 21.1
0036328120 8.6
0036952822 15.3
0036486546 18.6
0036699017 20.6
0036574925 14.2
0036176039 12.2
0036435992 5.0
0036011915 20.2
0036464351 13.4
