0036288004 5.6
0036729857 4.5
0036085705 14.9
0036426634 8.8
0036120183 14.0
0036445218 14.0
0036841615 10.6
0036445066 12.5
0036189130 4.0
0036935661 21.8
0036340018 2.7
0036720610 15.7
0036840759 12.1
0036993677 4.6
0036709827 18.0
0036800544 18.4
0036665018 5.9
0036307041 24.0
0036666266 5.1
0036911351 0.9
0036633779 12.2
0036900460 18.5
0036448307 18.4
0036983399 17.0
0036193481 19.3
0036873706 17.5
0036404541 13.8
0036841268 1.3
0036403320 21.9
0036656932 2.5
0036117896 11.7
0036366624 19.1
0036280547 1.0
0036196177 4.2
0036704402 8.5
0036500018 1.6
0036467768 5.7
0036596313 11.6
0036536665 18.7
0036223360 20.0
0036317628 21.8
0036217587 3.8
0036386304 1.1
0036524884 5.0
0036165725 23.2
0036436697 21.6
0036847706 11.1
0036805649 9.4
0036743477 20.7
0036778837 16.9
0036839693 15.8
0036626084 2.8
0036962898 20.8
0036378353 10.5
0036178145 23.0
0036105590 6.6
0036350999 20.4
0036278906 23.4
0036451978 19.4
0036144297 6.4
0036546885 20.4
0036393993 17.4
0036681915 16.7
0036549184 7.8
0036189505 11.6
0036114518 6.7
0036751499 16.8
0036751759 3.5
0036371412 3.9
0036480397 4.9
0036976287 17.7
0036368258 4.1
0036659619 3.1
0036750074 22.9
