0036378353 0.9
0036044034 7.3
0036873706 17.5
0036360454 23.1
0036643685 18.5
0036020385 10.8
0036391456 16.8
0036542558 19.7
0036362253 21.3
0036533262 7.1
0036717266 12.8
0036189130 5.1
0036502579 7.6
0036383598 10.6
0036509555 8.1
0036580730 1.1
0036176039 7.2
0036386304 19.7
0036581394 10.0
0036302877 3.2
0036236502 8.1
0036452803 7.2
0036542946 5.4
0036398536 5.5
0036745355 21.0
0036923408 9.6
0036477299 12.4
0036209472 19.6
0036235647 13.9
0036180704 22.9
0036500018 5.0
0036486546 6.0
0036524884 3.8
0036445066 3.4
0036841018 12.9
0036435992 15.7
0036326893 0.1
0036839693 20.5
0036350999 15.1
0036127582 8.0
0036117896 2.0
0036535102 0.1
0036904531 10.2
0036393993 19.6
0036451978 13.9
0036063644 0.5
0036340126 0.9
0036765989 11.5
0036564663 10.9
0036108156 4.8
0036560471 18.2
0036589706 14.4
0036326950 21.5
0036529851 6.8
0036197341 20.6
0036642213 8.0
0036371412 3.9
0036704402 17.3
0036804739 6.7
0036480229 7.1
0036530474 5.5
0036463781 10.2
0036918647 12.5
0036345871 23.9
0036296986 23.6
0036485064 4.1
0036574925 2.1
0036445218 24.1
0036464351 19.6
0036709827 4.2
0036727924 12.3
0036974876 21.4
0036473683 6.3
0036040468 22.0
0036850374 6.2
0036020785 22.6
0036029802 21.3
0036828860 19.9
0036980889 8.0
0036380879 2.0
0036769095 17.3
0036188586 2.4
0036600305 13.0
0036991561 7.0
0036403320 19.8
