0036539505 0.8
0036288399 17.5
0036500018 23.5
0036676845 2.5
0036451978 17.0
0036709827 23.5
0036947241 22.9
0036718806 5.0
0036144297 14.2
0036751499 13.3
0036473683 20.8
0036085705 2.5
0036855451 17.4
0036635833 19.0
0036728729 3.4
0036445218 1.0
0036602214 14.4
0036802340 4.2
0036400619 15.4
0036530474 18.4
0036339612 23.5
0036278906 8.8
0036322726 17.8
0036480397 8.1
0036567605 10.8
0036546893 3.7
0036048381 8.0
0036070856 8.9
0036150217 4.7
0036750074 18.6
0036317774 19.7
0036467768 20.0
0036616393 21.6
0036665018 1.6
0036856120 5.9
0036820774 23.9
0036178145 0.2
0036932328 7.0
0036041128 10.4
0036988308 4.4
0036255477 3.8
0036600305 0.1
0036858548 19.1
0036039716 1.0
0036348643 20.5
0036847706 21.7
0036494503 22.0
0036840759 14.9
0036448134 19.7
0036311775 12.4
0036719859 7.8
0036105590 8.0
0036857434 14.1
0036296986 5.9
0036155159 0.9
0036042948 19.5
0036211680 3.7
0036380988 10.7
0036559467 21.3
0036476177 12.9
0036633779 7.1
0036783618 10.1
0036307041 23.3
0036414537 22.9
0036546885 20.1
0036299550 18.6
0036163949 1.2
0036294713 15.3
0036188586 8.0
0036473808 21.9
0036563868 14.2
0036681915 4.1
0036504874 24.1
0036791462 14.2
0036286079 13.5
0036063644 6.8
0036567955 20.9
0036529851 18.0
0036611269 21.8
0036435992 6.6
0036608631 23.3
0036044034 14.6
0036383598 20.2
0036643685 3.7
0036001295 18.3
0036425263 7.7
0036836801 21.1
0036523284 2.3
