0036538894 2.1
0036819402 12.2
0036485064 1.6
0036784443 13.7
0036042948 2.9
0036502579 13.9
0036918647 23.3
0036044034 13.9
0036614443 3.1
0036446418 10.5
0036007079 21.7
0036889742 5.0
0036343648 10.4
0036925085 2.7
0036813935 21.8
0036287922 8.9
0036464351 20.0
0036463972 22.3
0036476177 5.1
0036555277 12.0
0036509555 5.7
0036575976 13.0
0036497244 24.1
0036566248 11.4
0036473351 2.3
0036378358 22.1
0036932328 6.9
0036332706 8.5
0036211680 22.9
0036181963 16.5
0036542946 15.3
0036964681 2.9
0036552691 3.2
0036933810 15.0
0036158094 14.2
0036857434 2.3
0036464505 20.8
0036376102 6.7
0036841018 1.9
0036363810 2.3
0036611269 6.3
0036524979 21.2
0036042964 19.6
0036738701 13.9
0036499888 22.4
0036883574 19.1
0036893918 12.6
0036304076 3.0
0036070856 5.6
0036398536 9.8
0036706366 23.5
0036523284 18.4
0036988983 2.3
0036176039 10.0
0036304922 15.2
0036298915 24.1
0036952822 17.0
0036074909 20.2
0036348643 2.6
0036317774 9.5
0036197341 21.3
0036696203 20.4
0036936552 18.9
0036719859 20.1
0036173809 17.9
0036642213 10.6
0036934125 10.4
0036545005 10.3
0036178084 17.1
0036425263 15.3
0036307966 22.8
0036978596 10.5
0036123572 16.2
0036533262 13.5
0036920960 9.7
