0036082508 12.1
0036571041 2.3
0036445180 3.2
0036549184 22.2
0036343648 0.2
0036463972 2.6
0036464909 16.9
0036947241 10.4
0036486714 22.5
0036659619 21.5
0036386304 14.8
0036474267 23.9
0036317774 10.1
0036745355 8.2
0036933810 9.3
0036288004 3.4
0036074028 23.9
0036962898 8.6
0036923408 14.1
0036904712 7.5
0036567955 10.5
0036042964 0.3
0036805431 11.4
0036769095 19.4
0036377260 18.3
0036580730 21.3
0036239294 5.3
0036841615 21.7
0036345880 20.3
0036339612 7.9
0036789715 19.5
0036024547 17.4
0036784443 14.0
0036691604 2.3
0036255477 13.2
0036682944 6.6
0036633779 4.6
0036856708 10.6
0036947807 7.2
0036810114 5.0
0036120183 21.6
0036494503 22.6
0036223360 13.1
0036436697 11.8
0036791892 11.6
0036304922 6.2
0036581394 2.5
0036855248 14.7
0036127582 13.8
0036720610 22.2
0036142408 2.3
0036476177 21.2
0036209472 2.5
0036371132 2.8
0036890465 22.7
0036546528 16.7
0036108156 16.1
0036709035 17.5
0036376102 24.0
0036205663 9.1
0036559467 21.1
0036023376 0.2
0036362253 1.9
0036566248 20.1
0036055763 1.5
0036332060 4.3
0036435992 15.3
0036692710 9.2
0036446418 4.2
0036847706 13.3
0036363810 19.0
0036044034 5.8
0036900460 11.6
0036042948 2.3
0036732317 14.8
0036366624 21.6
0036911351 6.8
0036611269 12.9
0036029802 19.0
0036988308 6.9
0036841268 5.8
0036109274 24.0
0036555277 9.6
0036487570 21.0
0036487232 6.4
0036730082 23.6
0036391210 2.4
0036326893 6.0
0036328649 3.2
0036237752 10.4
0036512848 6.4
0036999764 16.0
0036499888 11.7
0036048381 6.5
0036904531 14.7
0036311775 10.3
0036791462 23.7
0036345871 23.1
0036114518 7.2
0036279107 10.4
0036716287 7.2
0036312621 1.0
0036229718 9.1
0036836801 23.8
0036294713 23.2
0036883574 11.9
0036986191 23.7
0036530474 13.8
0036497215 19.8
0036164471 1.6
0036805347 2.1
0036685447 12.8
0036876710 3.4
0036986517 10.0
0036682655 4.7
0036589706 18.0
0036450455 15.5
0036070856 19.6
0036032630 2.2
0036643685 22.8
0036144663 2.3
0036889742 10.7
0036841018 2.3
0036467768 6.7
0036925085 1.7
0036452803 13.5
0036036177 22.0
0036188254 15.3
0036230122 17.4
0036728729 21.7
0036681915 17.2
0036858548 11.3
0036858801 18.9
0036058560 2.3
0036177932 3.5
0036952822 14.0
