0036173809 19.0
0036167019 13.6
0036307966 23.5
0036022658 10.4
0036988983 23.0
0036040468 7.7
0036564663 20.3
0036684773 14.9
0036435992 13.6
0036404541 4.0
0036545005 19.3
0036660938 22.5
0036232855 20.3
0036029802 12.9
0036058560 20.3
0036934089 14.5
0036751499 16.5
0036473683 1.3
0036165725 16.3
0036619448 1.9
0036484679 1.1
0036716287 13.7
0036633779 4.4
0036512848 11.3
0036785350 6.4
0036533262 1.7
0036767067 19.5
0036730082 12.1
0036567605 11.4
0036138342 0.9
0036288004 11.1
0036487232 4.1
0036800544 8.6
0036114518 0.0
0036255477 1.2
0036371132 3.2
0036211680 21.9
0036626084 8.6
0036278906 14.2
0036189505 13.8
0036840759 18.6
0036363810 21.1
0036535830 23.5
0036317774 16.4
0036497215 19.6
0036908704 15.5
0036783618 14.6
0036474267 9.8
0036698406 8.7
0036643685 20.8
0036048381 9.8
0036750405 21.3
0036679141 0.1
0036290796 1.3
0036841018 22.5
0036676845 6.3
0036425263 17.8
0036988308 13.7
0036552385 14.8
0036682655 0.5
0036464909 23.2
0036828860 5.6
0036342752 9.8
0036666266 7.8
0036810114 6.1
0036464351 18.3
0036704667 21.2
0036530474 11.2
