0036005936 13.0
0036255477 18.0
0036123572 21.9
0036378353 16.7
0036566248 8.8
0036890465 9.4
0036537883 2.8
0036378062 10.7
0036841018 6.5
0036296986 18.4
0036150217 14.2
0036661338 15.4
0036512848 14.0
0036934089 13.1
0036840759 1.2
0036664080 23.6
0036209472 2.0
0036326950 2.1
0036743477 6.2
0036563868 8.4
0036442065 18.2
0036858801 11.7
0036813935 19.1
0036936552 2.4
0036750074 13.7
0036393993 20.4
0036332706 22.3
0036278906 3.7
0036230122 7.2
0036320637 20.1
0036967348 16.7
0036500018 11.4
0036530474 11.0
0036785350 23.7
0036676845 22.9
0036180704 21.0
0036307041 14.7
0036889742 11.1
0036523284 11.6
0036426634 8.6
0036400619 2.6
0036217587 6.3
0036633779 17.0
0036425263 17.4
0036311775 20.4
0036802340 9.3
0036509555 12.4
0036451978 1.1
0036223360 5.8
0036207260 11.2
0036850374 12.8
0036564663 23.0
0036042948 2.6
0036109274 6.4
0036978596 13.4
0036096320 8.5
0036714068 14.8
0036560471 14.0
0036032630 17.7
0036986517 21.0
0036778837 11.7
0036900460 7.1
0036018209 13.1
0036015032 12.7
0036601852 19.1
0036304922 17.5
0036342752 8.5
0036322726 11.5
0036706366 8.8
0036720610 3.4
0036466584 8.9
0036477299 1.6
