0036918666 18.2
0036920960 3.3
0036986517 7.9
0036123572 23.6
0036042964 13.1
0036393993 9.8
0036122084 17.5
0036581394 3.1
0036745355 12.1
0036302877 5.0
0036890465 1.9
0036552385 1.5
0036011915 20.5
0036435974 20.7
0036280547 13.9
0036029802 15.4
0036784443 15.8
0036380879 11.1
0036019863 3.5
0036363810 17.1
0036296199 0.0
0036601852 8.3
0036988406 22.2
0036580730 22.2
0036450455 16.8
0036704667 6.4
0036841268 17.2
0036876710 13.6
0036784921 5.3
0036964681 14.2
0036007079 16.0
0036367290 13.3
0036237752 10.4
0036332706 8.1
0036679141 21.2
0036127582 5.0
0036582220 21.1
0036621568 9.9
0036923408 0.3
0036187462 14.9
0036276021 2.8
0036167019 2.0
0036253612 4.2
0036936552 12.3
0036481678 7.6
0036660938 3.8
0036813935 3.6
0036542558 19.2
0036729857 13.4
0036109274 14.0
0036376102 22.0
0036626084 15.6
0036502579 6.9
0036345871 4.1
0036850374 18.1
0036430849 13.8
0036473351 14.5
0036463972 16.0
0036298915 17.8
0036345880 4.4
0036993677 2.3
0036287922 2.5
0036452803 8.6
0036568740 9.5
0036223360 8.0
0036666266 21.0
0036018209 16.2
0036594390 8.5
0036486714 2.5
0036785350 19.9
0036443702 12.1
0036911351 16.3
0036201058 5.0
0036763362 8.7
0036692710 14.7
0036962898 18.4
0036819402 6.8
0036265644 2.1
0036614443 2.9
0036564663 14.4
0036986191 20.7
0036767067 4.4
0036243055 4.2
0036528011 8.4
0036313369 17.9
0036205663 16.5
0036947807 7.8
0036486546 8.7
0036180704 5.0
0036730082 11.2
0036480229 13.2
0036477299 0.4
0036371412 18.7
