0036207260 5.8
0036918647 1.2
0036858801 16.9
0036201058 2.1
0036778837 2.9
0036230122 19.7
0036029802 17.3
0036436697 12.6
0036537883 21.1
0036555277 8.1
0036714068 17.9
0036377260 9.5
0036555466 10.6
0036890465 11.1
0036552385 12.0
0036681915 2.9
0036273252 15.8
0036769095 0.4
0036193481 20.7
0036376102 0.9
0036486714 20.6
0036533262 16.4
0036426634 20.6
0036574925 17.2
0036986191 16.7
0036785350 23.8
0036367290 17.6
0036664080 23.1
0036524979 20.8
0036265644 21.9
0036450455 13.5
0036425263 1.6
0036041128 3.6
0036739052 12.4
0036947241 16.2
0036150217 14.8
0036019863 17.4
0036575976 1.6
0036497215 18.2
0036499888 8.7
0036473683 4.9
0036559467 3.0
0036082508 23.2
0036435974 21.0
0036923408 12.5
0036317628 13.7
0036980889 21.6
0036841615 14.6
0036720610 8.5
0036023376 18.4
0036296199 4.5
0036934089 5.6
0036122318 8.5
0036936552 12.3
0036158094 6.6
0036679141 24.0
0036307966 10.8
0036934125 10.1
0036326950 15.7
0036688314 12.0
0036042964 1.4
0036729857 22.7
0036964681 18.4
0036287922 10.5
0036448134 23.3
0036562508 1.5
0036024547 2.0
0036342752 5.5
0036512848 8.3
0036692710 6.9
0036706366 4.6
0036019533 18.6
0036177932 20.2
0036474267 10.2
0036855248 10.2
0036641430 9.0
0036144663 1.0
