0036679141 5.5
0036265644 3.4
0036552385 0.0
0036237752 5.9
0036426634 9.6
0036986517 19.9
0036378062 13.7
0036962898 16.1
0036684773 13.3
0036430849 7.8
0036273252 15.0
0036018209 18.2
0036301920 11.4
0036481678 11.7
0036288399 11.4
0036546528 3.5
0036209472 21.0
0036626084 16.2
0036696203 5.3
0036304076 15.8
0036765989 4.7
0036436697 10.9
0036122318 9.8
0036681915 23.4
0036003035 22.6
0036983399 17.4
0036769095 3.6
0036727924 1.4
0036280547 9.8
0036546885 8.6
0036079719 6.0
0036596313 6.8
0036348643 12.5
0036562508 12.9
0036114518 4.5
0036661338 15.7
0036040468 15.4
0036767067 21.3
0036791892 9.5
0036616393 17.8
0036571041 16.4
0036296199 2.5
0036487342 2.6
0036229718 7.7
0036692710 23.7
0036201058 16.1
0036986191 11.9
0036893918 2.7
0036120183 21.3
0036393993 6.3
0036279107 7.1
0036494503 20.8
0036709827 1.1
0036582220 23.2
0036814917 7.6
0036464351 10.7
0036484679 6.1
0036718806 7.8
0036167019 21.8
0036205663 11.2
0036802340 15.2
0036445180 10.7
0036217587 15.0
0036345880 23.0
0036581394 10.1
0036452803 20.5
0036380988 23.6
0036424217 24.0
0036105590 1.2
0036666266 20.3
0036255477 10.1
0036805431 24.1
0036312621 18.1
0036449792 8.0
0036706366 18.9
0036789715 18.0
