0036974876 11.4
0036933810 12.8
0036290796 7.1
0036178084 18.5
0036124803 17.2
0036425263 0.7
0036342220 22.6
0036918647 12.4
0036642213 9.3
0036999764 2.6
0036302877 22.1
0036577489 10.1
0036473683 15.1
0036751759 9.5
0036011915 16.8
0036858548 12.8
0036332060 14.8
0036123572 5.0
0036743477 22.4
0036575976 21.9
0036317628 16.9
0036858801 2.1
0036847706 21.1
0036855451 18.7
0036563868 18.2
0036980889 14.6
0036528011 18.0
0036477299 13.7
0036362253 17.1
0036464909 13.0
0036952822 21.9
0036612107 1.0
0036487570 20.4
0036019863 5.8
0036363810 1.2
0036174269 8.5
0036451978 1.3
0036039716 12.4
0036001295 17.4
0036450455 10.3
0036728729 21.7
0036298915 11.0
0036371412 14.8
0036371132 12.7
0036555466 9.1
0036855522 7.5
0036873706 2.3
0036549184 6.6
0036328649 21.5
0036976287 3.6
0036532868 3.8
0036791462 15.2
0036211333 13.0
0036876710 7.4
0036019533 14.7
0036839693 5.0
0036704667 14.3
0036307966 18.2
0036311775 13.0
0036144297 18.0
0036497215 20.8
0036055763 9.1
0036400619 2.3
0036756979 14.0
0036574925 1.2
0036367290 16.2
0036659619 15.3
0036176039 8.0
0036189505 22.2
0036656932 18.3
0036328120 22.3
0036751499 10.0
0036173809 21.7
0036211680 4.0
0036299550 0.4
0036568740 16.1
0036384710 8.2
0036820774 19.7
0036538894 0.5
0036187462 7.3
0036542946 8.5
0036732317 18.1
0036310112 6.7
0036178145 8.6
0036117896 16.6
0036460714 3.8
0036085705 1.7
0036698406 16.3
0036029802 15.8
0036024547 5.9
0036239294 10.3
0036536665 13.0
0036804955 8.0
0036435992 5.2
0036607240 21.2
0036391456 17.6
0036487069 10.8
0036464505 8.0
0036448134 13.1
0036606109 2.4
0036466584 13.2
0036600305 8.6
0036015032 16.0
0036853844 10.2
0036360454 2.2
0036414537 8.6
0036189130 13.9
0036714068 0.3
0036654651 0.5
0036840759 4.9
0036020385 13.1
0036918666 3.6
0036716287 17.1
0036189441 0.8
0036376102 12.2
0036988983 7.0
0036991561 15.6
0036978596 15.7
0036908704 6.7
0036070856 23.5
0036800544 1.6
0036664080 17.9
0036552691 8.4
0036717266 17.9
0036446418 19.4
0036044034 15.5
0036849533 6.7
0036633779 18.6
0036900460 7.4
0036326893 18.1
0036041128 20.9
0036819402 8.1
0036463781 1.5
0036660938 2.2
0036878881 22.0
0036988308 11.0
0036398536 11.5
0036523284 1.6
0036127049 1.2
0036138342 22.5
0036391210 6.6
0036602214 2.6
0036378358 13.4
0036294713 21.8
0036564663 7.8
0036368258 4.3
0036993677 16.0
0036841268 7.5
