0036820774 20.3
0036048381 22.3
0036383598 21.0
0036342752 6.9
0036850374 19.4
0036122084 12.0
0036011915 23.0
0036424217 1.1
0036380879 20.4
0036082508 12.1
0036232855 7.2
0036322726 8.5
0036619448 12.2
0036789715 3.9
0036923408 2.3
0036791462 9.5
0036804739 16.8
0036980889 17.3
0036276021 13.7
0036473808 3.0
0036783618 2.8
0036574925 10.3
0036473683 7.6
0036108156 6.4
0036230122 0.6
0036348849 14.3
0036020385 13.8
0036487342 20.6
0036988308 19.2
0036853555 19.0
0036155159 20.1
0036974876 1.0
0036079719 19.2
0036814917 8.0
0036211333 10.4
0036239294 1.9
0036237752 10.6
0036024547 7.5
0036430849 12.2
0036266319 1.3
0036858548 8.5
0036074028 4.5
0036606109 15.5
0036581394 11.0
0036656839 1.4
0036504874 10.1
0036580730 9.6
0036858801 22.8
0036058560 12.5
0036643685 6.6
0036187462 15.9
0036947241 5.9
0036362253 16.0
0036023376 9.1
0036552385 10.0
0036464909 3.1
0036326950 4.7
0036448134 21.5
0036810114 6.0
0036206232 0.2
0036377260 0.0
0036555466 10.3
0036312621 8.0
0036138342 23.0
0036741821 20.2
0036109274 1.8
0036682655 18.8
0036685447 2.5
0036836801 22.2
0036542558 23.2
0036018209 14.8
0036698406 17.1
0036435974 17.8
0036537883 21.5
0036367290 14.7
0036739052 19.5
0036299550 9.2
0036947807 6.9
0036229718 12.3
0036460714 14.4
0036294713 20.1
0036127582 14.0
0036487570 0.5
0036189441 2.0
0036499834 14.8
0036477299 15.2
0036447220 16.0
0036414537 10.1
0036474267 13.8
0036594390 7.5
0036040468 0.8
0036988406 2.6
0036124803 0.8
0036340126 9.3
0036765561 22.6
0036934089 17.3
0036019533 3.7
0036616918 9.5
0036328120 3.8
0036727924 5.5
0036279107 17.5
0036660938 3.9
0036304148 14.3
0036449181 2.0
0036235647 13.8
0036380988 1.5
0036117837 23.7
0036679141 13.3
0036163949 2.9
0036878881 23.6
0036036177 5.1
0036608631 0.6
0036528011 9.9
0036607240 13.0
0036641430 22.0
0036714068 0.4
0036918666 14.1
0036855451 12.2
0036487069 18.8
0036332060 1.4
0036301920 24.0
0036265644 4.0
0036763362 3.1
0036804955 2.1
0036621568 13.7
0036479329 7.5
0036529851 19.9
0036142408 18.6
0036342220 13.9
0036571041 11.6
0036022658 4.7
0036452803 23.2
0036150217 21.7
0036042613 8.5
0036805347 8.8
