0036020785 4.1
0036096320 8.0
0036535830 21.1
0036730082 15.4
0036296986 3.8
0036164471 1.5
0036534749 21.7
0036512848 22.3
0036682944 17.2
0036562508 6.5
0036539505 20.8
0036601852 15.8
0036180704 0.7
0036654651 14.1
0036497215 0.5
0036320637 13.0
0036709035 22.0
0036559467 12.6
0036003035 14.3
0036345880 4.4
0036302877 21.6
0036535102 19.9
0036029802 18.7
0036209472 9.1
0036391456 9.5
0036904531 9.5
0036326893 12.3
0036908704 4.2
0036546528 20.8
0036400619 1.7
0036567605 12.8
0036445180 19.6
0036391210 6.0
0036855522 2.1
0036664080 18.8
0036684773 0.9
0036828860 5.5
0036567955 14.0
0036612107 6.7
0036296199 7.0
0036167019 15.1
0036051261 20.9
0036532868 16.4
0036785350 0.4
0036560471 3.0
0036310112 18.1
0036802340 8.2
0036886818 4.1
0036577489 16.9
0036855248 2.0
0036384710 3.1
0036704667 2.2
0036415831 17.0
0036853844 15.2
0036127049 3.5
0036616393 20.3
0036765989 22.6
0036001295 9.7
0036480229 4.8
0036378062 16.7
0036174269 21.7
0036360454 9.7
0036589706 0.9
0036849533 20.5
0036441006 19.0
0036876710 13.4
0036055763 20.4
0036639131 10.3
0036904712 17.9
0036699017 3.5
0036857416 23.4
0036481812 16.9
0036676845 10.2
0036756979 15.5
0036288399 7.4
0036032630 15.8
0036767067 15.1
0036144663 17.1
0036600305 17.0
0036273252 1.7
0036791892 15.4
0036487232 20.4
0036890465 1.6
0036449792 11.9
