0036307966 1.6
0036660938 7.6
0036196177 12.1
0036450455 17.3
0036307041 12.3
0036377260 1.4
0036443702 4.5
0036616918 17.8
0036555277 6.1
0036840759 5.1
0036563868 14.3
0036992767 9.6
0036255477 8.2
0036448307 9.5
0036494503 21.2
0036019863 11.5
0036616393 19.3
0036546885 11.1
0036855522 23.1
0036230122 23.9
0036178145 12.9
0036947241 21.7
0036619448 2.0
0036449181 8.9
0036967348 1.1
0036487232 16.1
0036739052 19.7
0036328649 14.1
0036435974 14.7
0036273252 20.6
0036441006 0.7
0036442065 20.9
0036266319 16.4
0036696203 3.1
0036193481 15.5
0036666266 20.1
0036819402 12.4
0036206232 10.9
0036332060 20.8
0036313369 19.4
0036988308 14.2
0036679141 5.9
0036762035 6.1
0036320637 22.1
0036691604 0.4
0036552691 6.2
0036857416 8.5
0036688314 14.0
0036342220 20.9
0036853555 11.4
0036512848 18.0
0036290796 10.4
0036716287 8.5
0036287922 3.1
0036404541 10.9
0036467768 1.3
0036964681 9.9
0036596313 11.8
0036476177 8.0
0036893918 21.3
0036223360 23.1
0036085705 8.4
0036187462 14.1
0036993677 4.5
0036664080 20.8
0036497244 3.7
0036481678 5.3
0036424217 11.5
0036986191 23.4
0036278906 8.6
0036730082 5.5
0036415831 17.2
