0036441006 1.6
0036350999 15.9
0036883574 16.1
0036487232 5.6
0036158094 13.8
0036813935 8.2
0036447220 13.4
0036442065 9.2
0036486714 22.9
0036932328 17.9
0036207260 15.9
0036502579 8.7
0036317774 5.9
0036947807 9.1
0036266319 2.9
0036555277 23.8
0036504874 6.0
0036611269 9.6
0036074028 12.7
0036616918 23.2
0036947241 14.2
0036685447 5.5
0036188254 3.2
0036857416 4.2
0036765561 11.3
0036196177 1.3
0036042964 5.2
0036904531 3.8
0036366624 2.6
0036109274 6.9
0036476177 12.9
0036342752 4.7
0036197341 14.4
0036601852 24.1
0036155159 5.7
0036313369 3.4
0036992767 6.1
0036497244 20.4
0036117837 19.3
0036296986 17.4
0036614443 21.3
0036474267 1.5
0036635833 4.1
0036810114 23.7
0036063644 11.7
0036886818 20.1
0036836801 3.5
0036022658 4.6
0036243055 7.4
0036935661 12.9
0036639131 5.2
0036188586 12.6
0036539505 13.2
0036643685 16.9
0036534749 5.4
0036719859 2.4
0036230122 13.2
0036745355 21.3
0036480229 17.1
0036704402 18.0
0036533262 22.6
0036856708 1.0
0036144663 8.4
0036193481 7.1
0036326950 22.9
0036235647 14.6
0036545005 6.9
0036730082 14.9
0036923408 19.9
0036286079 16.3
0036535102 13.2
0036665018 9.2
0036443702 0.6
