0036991561 10.4
0036386304 15.8
0036568740 2.4
0036502579 8.2
0036784443 1.1
0036487570 12.4
0036853844 8.1
0036992767 9.6
0036074909 20.6
0036660938 11.2
0036377260 17.8
0036276021 19.2
0036571041 8.6
0036105590 1.3
0036467768 6.4
0036849533 17.5
0036856120 10.1
0036575976 9.6
0036656932 16.9
0036448134 7.4
0036294713 1.7
0036925085 2.6
0036481812 1.6
0036313369 12.4
0036235647 0.9
0036229718 21.1
0036473808 5.2
0036485064 10.9
0036403320 6.0
0036120183 22.2
0036682655 6.7
0036082508 12.9
0036302877 22.4
0036988308 13.6
0036445180 11.3
0036464909 23.7
0036841268 11.1
0036122318 18.9
0036983399 0.2
0036167019 9.0
0036211680 17.8
0036728729 17.6
0036800544 10.5
0036296199 6.0
0036933810 11.6
0036158094 2.8
0036534749 13.0
0036688314 8.0
0036611269 14.6
0036935661 21.5
0036908704 20.4
0036751499 11.2
0036114518 6.5
0036058560 20.0
0036745355 14.8
0036947241 0.5
0036201058 20.6
0036030805 0.0
0036828860 6.2
0036138342 15.5
0036040468 0.5
0036332060 15.1
0036918666 9.0
0036163949 18.5
0036273252 16.9
0036932328 19.1
0036819402 9.3
0036003035 20.5
0036656839 4.4
0036348643 15.0
0036607240 1.5
0036684773 2.5
0036698406 11.9
0036124803 22.5
0036873706 18.4
0036911351 14.6
0036596313 9.1
0036589706 0.4
0036448307 23.2
0036301920 22.1
0036999764 19.6
0036805649 17.6
0036473683 6.4
0036784921 19.8
0036600305 10.1
0036878881 9.6
0036528011 9.8
0036838806 7.5
0036376102 2.0
0036019863 23.7
0036464505 7.5
0036567605 7.7
0036635833 19.8
0036253612 11.6
0036474267 10.5
0036580730 14.4
0036691604 12.1
0036383598 16.1
0036555277 17.7
0036718806 11.7
0036070856 9.2
0036362253 16.5
0036039716 7.8
0036529851 5.9
0036696203 12.7
0036367290 22.6
0036452803 21.6
0036436697 3.9
0036616918 4.7
0036415831 22.1
0036487069 5.4
0036404541 19.2
0036546885 9.1
0036616393 18.5
0036763362 8.0
0036345880 22.4
0036621568 21.6
