0036751759 18.9
0036512848 5.3
0036235647 6.6
0036074909 8.4
0036596313 21.9
0036079719 8.3
0036384710 1.6
0036533262 23.4
0036858801 14.2
0036546528 8.1
0036756979 3.4
0036839693 18.0
0036805649 14.1
0036709035 4.2
0036841615 9.5
0036765989 7.9
0036122318 11.5
0036536665 7.4
0036497215 5.6
0036165725 1.2
0036174269 7.2
0036487232 2.0
0036685447 17.1
0036664080 23.9
0036138342 14.2
0036789715 20.9
0036988983 13.6
0036449181 10.1
0036499834 4.4
0036524979 13.0
0036562508 6.5
0036555466 6.9
0036368258 18.6
0036688314 14.6
0036003035 5.6
0036391210 5.4
0036857416 12.6
0036574925 23.9
0036020385 2.4
0036142408 0.5
0036019533 21.4
0036328120 10.7
0036310112 4.6
0036236502 17.5
0036904531 7.2
0036769095 22.1
0036487570 21.9
0036804739 21.0
0036918647 7.9
0036023376 16.7
0036055763 1.8
0036117896 20.5
0036120183 2.1
0036342220 23.6
0036108156 5.3
0036750405 18.0
0036532868 2.4
0036386304 23.5
0036577489 23.2
0036999764 5.6
0036266319 8.4
0036036177 7.0
0036466584 1.8
0036377260 6.0
0036415831 23.3
0036952822 13.0
0036738701 14.8
0036362253 14.6
0036058560 14.3
0036967348 22.4
0036229718 13.8
0036189441 7.7
0036873706 6.8
0036332060 14.3
0036616918 5.6
0036933810 21.0
0036805431 17.2
0036607240 13.2
0036524884 13.7
0036391456 6.5
0036732317 20.4
0036189130 22.9
0036849533 4.2
0036193481 0.4
0036173809 18.7
