0036223360 14.7
0036279107 21.9
0036876710 17.0
0036378358 8.6
0036189130 18.4
0036978596 2.3
0036345880 10.6
0036804739 17.2
0036532868 12.9
0036310112 7.9
0036378353 13.3
0036838806 3.9
0036666266 1.6
0036196177 23.6
0036523284 17.1
0036288399 5.5
0036642213 14.3
0036209472 3.6
0036485064 11.0
0036756979 15.6
0036947807 15.3
0036020785 3.9
0036197341 17.8
0036362253 17.1
0036616393 14.9
0036805649 9.6
0036467768 12.1
0036853844 2.3
0036974876 3.1
0036417902 22.9
0036063644 17.3
0036904712 19.5
0036784443 11.7
0036445066 19.1
0036873706 11.0
0036858548 12.4
0036189441 3.3
0036326893 8.8
0036856120 18.8
0036539505 10.7
0036717266 10.2
0036819402 17.6
0036123572 8.1
0036114518 12.5
0036542946 15.3
0036589706 23.6
0036464505 20.3
0036820774 1.2
0036235647 21.0
0036967348 3.4
0036805431 11.3
0036339612 6.1
0036732317 20.5
0036494503 5.1
0036993677 0.8
0036847706 20.0
0036983399 4.2
0036530474 13.1
0036730082 18.5
0036286079 0.7
0036841018 9.9
0036853555 11.7
0036278906 18.8
0036368258 2.5
0036850374 1.5
0036999764 16.3
0036484679 14.9
0036391456 3.9
0036635833 1.5
0036044034 1.5
0036463781 15.7
0036236502 2.8
0036040468 4.3
0036304148 4.6
0036127049 23.2
0036058560 12.3
0036857416 11.6
0036188586 18.2
0036403320 23.6
0036639131 4.3
0036962898 18.0
0036085705 24.1
0036255477 10.6
0036765561 19.0
0036181963 10.4
0036656839 12.2
0036030805 22.4
0036042613 20.5
0036229718 10.2
0036552691 9.6
0036601852 18.7
0036117837 2.5
0036237752 16.4
0036051261 12.9
0036345871 14.6
0036142408 14.6
0036481812 21.1
0036545005 13.0
0036074028 3.1
0036332706 6.8
0036448307 13.4
0036925085 19.7
0036320637 19.8
0036424217 23.3
0036802340 23.7
0036571041 1.5
0036391210 23.2
0036718806 6.9
0036699017 7.0
0036626084 18.8
0036682944 5.2
0036445180 6.3
0036538894 12.8
0036332060 6.6
0036232855 17.9
0036659619 0.8
0036022658 7.8
0036451978 5.1
0036564663 12.9
0036602214 9.1
0036127582 17.9
0036614443 15.0
0036988983 3.3
0036164471 12.8
0036032630 5.4
0036660938 14.1
0036487342 1.7
0036348849 20.9
0036750074 20.8
0036074909 5.9
0036676845 3.4
0036188254 9.8
0036447220 4.7
0036211333 15.6
0036122084 22.4
0036810114 1.9
0036205663 11.2
0036549184 2.3
0036509555 7.0
0036563868 23.6
0036400619 18.9
0036789715 13.2
0036187462 17.1
