0036239294 17.4
0036051261 8.7
0036750074 22.2
0036474267 17.8
0036750405 8.7
0036523284 19.2
0036685447 18.3
0036015032 2.3
0036058560 4.9
0036567955 21.2
0036855248 7.6
0036856120 17.4
0036391210 9.8
0036181963 18.4
0036849533 2.3
0036253612 8.3
0036665018 6.9
0036847706 3.9
0036446418 21.5
0036082508 4.6
0036709035 5.3
0036546528 3.5
0036345880 12.0
0036684773 14.1
0036473351 21.9
0036791892 15.0
0036294713 15.6
0036805649 16.7
0036532868 10.6
0036400619 15.4
0036706366 4.6
0036633779 19.5
0036606109 9.1
0036692710 19.1
0036114518 2.4
0036464909 15.1
0036608631 2.0
0036201058 1.8
0036311775 6.9
0036164471 20.2
0036741821 22.7
0036055763 22.8
0036934089 11.2
0036173809 11.0
0036122084 17.8
0036042964 5.7
0036883574 18.1
0036096320 16.7
0036656839 18.2
0036167019 16.9
0036656932 19.0
0036900460 20.5
0036785350 2.3
0036552385 22.7
0036571041 4.6
0036163949 11.3
0036039716 13.4
0036144297 18.0
0036237752 11.3
0036534749 15.1
0036024547 15.5
0036464505 7.7
0036789715 19.1
0036232855 9.0
0036339612 4.8
0036890465 4.2
0036639131 7.4
0036229718 9.5
0036487342 14.5
0036699017 8.7
0036205663 18.6
0036836801 17.4
0036343648 6.9
0036011915 13.6
0036304076 19.4
0036698406 7.2
0036447220 14.1
0036127049 0.6
0036635970 7.0
0036079719 20.6
0036976287 22.0
0036074909 15.6
0036539505 12.7
0036791462 21.5
0036920960 15.2
0036681915 15.8
0036487069 12.5
0036460714 23.9
0036150217 13.9
0036363810 3.8
0036838806 13.9
0036188254 1.7
0036962898 1.4
0036380988 18.7
0036189505 0.2
0036023376 10.6
0036322726 3.6
0036661338 9.2
0036626084 22.6
0036371132 5.5
0036528011 15.0
0036612107 22.3
0036878881 14.1
0036932328 8.2
0036778837 12.8
0036676845 21.2
0036436697 7.9
0036426634 10.1
0036575976 13.0
0036784443 18.1
0036805431 5.8
0036537883 16.3
0036767067 11.4
0036279107 17.6
0036207260 1.0
0036751499 12.0
0036174269 3.5
0036299550 19.7
0036124803 21.6
0036718806 1.1
0036813935 15.8
0036538894 12.8
0036858801 11.9
0036743477 3.2
0036933810 18.8
0036384710 10.3
0036417902 19.7
0036549184 20.4
0036430849 2.5
0036484679 21.7
0036481812 9.1
0036042613 2.8
0036310112 12.8
0036042948 16.8
0036682655 16.3
0036211680 13.7
0036211333 15.3
0036804955 6.6
0036301920 6.9
0036947807 18.7
