0036144297 3.2
0036342220 5.0
0036993677 14.5
0036197341 19.7
0036535830 1.7
0036986517 11.5
0036378062 5.9
0036074028 19.3
0036278906 2.8
0036211333 16.2
0036449181 20.4
0036555277 15.9
0036681915 8.1
0036079719 11.9
0036164471 7.4
0036201058 4.2
0036750074 23.0
0036368258 0.3
0036487342 12.8
0036730082 4.6
0036763362 12.6
0036904712 5.5
0036425263 17.5
0036019533 9.1
0036415831 10.3
0036348849 0.4
0036738701 5.8
0036109274 13.3
0036380988 17.2
0036473808 1.5
0036849533 14.5
0036041128 23.9
0036838806 16.3
0036279107 12.7
0036918647 18.3
0036424217 13.7
0036524884 4.1
0036988406 3.9
0036494503 5.9
0036750405 14.4
0036380879 16.3
0036042948 0.6
0036255477 10.5
0036108156 17.3
0036791892 17.1
0036487232 15.3
0036165725 0.1
0036925085 0.8
0036313369 5.4
0036290796 16.4
0036339612 18.5
0036600305 8.9
0036138342 4.9
0036480397 10.4
0036237752 20.1
0036442065 10.8
0036188254 3.5
0036377260 7.8
0036974876 3.2
0036639131 20.0
0036426634 7.2
0036144663 2.0
0036217587 5.4
0036304148 23.3
0036476177 3.7
0036621568 12.0
0036552691 22.2
0036706366 6.9
0036709035 17.8
0036178145 1.4
0036332060 8.4
0036530474 8.6
0036562508 14.8
0036163949 22.1
