0036717266 0.6
0036181963 1.2
0036805347 11.4
0036685447 15.4
0036709035 0.1
0036446418 0.6
0036127582 6.4
0036719859 9.7
0036704667 23.9
0036487342 23.7
0036019533 4.4
0036804739 5.1
0036237752 22.5
0036918647 15.2
0036117837 22.2
0036729857 15.0
0036857416 18.3
0036962898 13.1
0036085705 22.1
0036340018 24.1
0036487232 12.4
0036499888 2.9
0036189130 6.1
0036445066 5.8
0036299550 5.4
0036947807 13.8
0036639131 12.2
0036769095 16.4
0036001295 2.0
0036197341 23.6
0036567955 15.6
0036236502 5.9
0036188254 11.4
0036205663 21.1
0036893918 20.7
0036380879 4.3
0036481678 3.3
0036886818 6.0
0036524979 5.7
0036074028 8.7
0036317774 4.3
0036360454 7.8
0036608631 24.1
0036904712 5.9
0036555466 20.5
0036765561 9.0
0036654651 6.4
0036484679 7.3
0036188586 0.9
0036232855 14.1
0036727924 13.4
0036847706 13.5
0036765989 1.5
0036536665 8.4
0036789715 10.9
0036904531 9.3
0036144663 20.0
0036682944 13.5
0036856708 23.8
0036783618 5.2
0036384710 9.9
0036144297 14.0
0036732317 19.7
0036642213 4.1
0036345871 14.7
0036328649 8.6
0036174269 2.2
0036164471 15.1
0036024547 7.4
0036643685 22.3
0036858548 4.5
0036767067 8.2
0036447220 7.0
0036479329 18.2
0036533262 5.8
0036480229 12.1
0036211333 14.1
0036739052 23.6
0036055763 5.4
