0036442065 23.0
0036696203 1.9
0036596313 16.8
0036301920 23.2
0036504874 20.0
0036174269 22.0
0036709827 5.9
0036621568 8.4
0036804739 15.1
0036477299 1.9
0036079719 17.0
0036964681 20.5
0036534749 17.2
0036243055 4.6
0036307966 1.7
0036403320 14.0
0036484679 23.3
0036524979 17.3
0036317628 13.4
0036424217 2.0
0036378358 14.9
0036717266 17.5
0036189441 8.4
0036425263 18.4
0036378062 16.6
0036706366 20.5
0036539505 5.2
0036978596 15.6
0036307041 19.9
0036051261 5.7
0036460714 22.9
0036288399 21.0
0036332706 5.7
0036473351 7.4
0036568740 21.0
0036015032 16.6
0036741821 14.3
0036719859 5.7
0036980889 2.6
0036180704 9.1
0036287922 10.7
0036546885 14.1
0036007079 19.6
0036991561 3.9
0036704402 7.8
0036635970 23.2
0036813935 14.1
0036196177 19.7
0036729857 4.9
0036679141 16.4
0036296986 22.1
0036563868 20.2
0036665018 9.5
0036342220 8.0
0036320637 1.2
0036122318 3.3
0036003035 19.2
0036232855 14.5
0036878881 9.1
0036497244 2.1
0036661338 17.3
0036039716 17.0
0036018209 7.9
0036552691 19.7
0036447220 12.3
0036188586 12.6
0036342752 7.4
0036714068 22.3
0036934125 4.6
0036313369 20.9
0036266319 18.9
0036839693 10.4
0036173809 19.9
0036612107 3.2
0036988983 12.1
0036326950 3.0
0036567605 1.9
0036936552 9.0
0036656932 1.1
