0036784921 8.0
0036487342 20.3
0036886818 17.8
0036608631 16.9
0036449181 1.4
0036340018 14.7
0036751759 16.9
0036217587 1.5
0036656839 10.3
0036654651 2.0
0036804955 20.3
0036473683 2.1
0036464351 16.0
0036380879 10.8
0036487069 19.1
0036500018 21.1
0036189130 10.0
0036155159 3.4
0036167019 22.5
0036820774 1.7
0036463781 5.1
0036856120 10.0
0036857416 11.8
0036360454 14.4
0036020785 15.4
0036616918 16.5
0036445218 10.8
0036743477 20.9
0036280547 18.0
0036918647 6.8
0036855522 14.9
0036641430 17.7
0036350999 0.8
0036384710 16.8
0036441006 21.4
0036124803 19.4
0036873706 3.8
0036448307 12.4
0036189505 4.6
0036533262 24.0
0036718806 10.3
0036575976 23.7
0036485064 5.0
0036378353 21.3
0036582220 15.1
0036542946 14.4
0036756979 4.5
0036138342 6.4
0036383598 4.3
0036765989 0.5
0036296199 8.6
0036666266 13.3
0036178145 12.7
0036451978 13.5
0036074909 6.9
0036001295 15.2
0036614443 22.2
0036187462 17.5
0036849533 23.9
0036751499 16.0
0036022658 9.8
0036542558 21.4
0036380988 15.9
0036340126 14.9
0036778837 0.8
0036348643 13.9
0036932328 0.8
