0036745355 1.8
0036611269 3.7
0036920960 1.4
0036345880 22.7
0036532868 17.1
0036055763 0.5
0036850374 0.5
0036403320 18.1
0036477299 23.7
0036499888 16.7
0036481812 5.1
0036450455 8.4
0036967348 14.0
0036856120 12.6
0036992767 18.4
0036596313 22.9
0036692710 19.9
0036685447 12.6
0036386304 11.9
0036196177 22.0
0036727924 11.1
0036559467 10.7
0036600305 6.8
0036704402 12.3
0036616393 11.2
0036266319 12.4
0036189441 21.2
0036350999 13.0
0036805347 23.0
0036991561 19.2
0036155159 23.8
0036367290 1.3
0036476177 4.3
0036986191 7.8
0036340126 11.8
0036983399 14.9
0036485064 2.4
0036207260 6.9
0036019863 21.7
0036582220 21.4
0036122084 5.9
0036127582 6.8
0036001295 9.7
0036313369 8.2
0036015032 8.9
0036602214 22.5
0036577489 9.9
0036288399 7.6
0036756979 8.4
0036893918 20.3
0036743477 14.7
0036463781 20.2
0036606109 0.2
0036371412 5.3
0036819402 18.7
0036654651 5.5
0036243055 18.5
0036177932 7.4
0036391456 2.8
0036230122 22.8
0036286079 9.1
0036451978 13.9
0036549184 19.4
0036417902 18.4
0036445180 2.5
0036445218 7.9
0036841268 3.6
0036122318 22.6
0036900460 5.8
0036332060 1.2
0036018209 21.8
0036441006 6.9
0036142408 0.4
0036019533 17.9
0036051261 2.6
0036209472 6.4
0036340018 15.8
0036504874 12.3
0036947241 14.6
0036164471 7.3
0036709827 5.9
0036163949 9.5
0036714068 15.6
