0036280547 2.8
0036828860 22.8
0036003035 15.9
0036841268 1.6
0036856708 21.4
0036464351 14.5
0036709827 7.2
0036691604 16.6
0036855522 4.2
0036745355 3.9
0036481678 8.8
0036383598 11.7
0036307041 15.4
0036452803 3.4
0036350999 5.8
0036621568 22.4
0036304076 8.6
0036889742 13.5
0036920960 20.0
0036393993 1.4
0036577489 8.3
0036180704 4.5
0036178084 13.0
0036217587 15.2
0036656932 20.4
0036340018 16.9
0036313369 18.8
0036497244 13.7
0036528011 2.2
0036473808 16.6
0036449792 13.2
0036643685 10.3
0036738701 2.7
0036765989 18.5
0036473351 5.9
0036607240 5.8
0036343648 6.5
0036546528 10.5
0036635970 2.4
0036487069 21.6
0036371132 15.5
0036684773 22.0
0036883574 8.2
0036055763 11.6
0036665018 18.8
0036716287 12.8
0036535830 1.6
0036011915 9.1
0036524884 9.8
0036704402 8.5
0036596313 16.4
0036294713 12.7
0036108156 1.6
0036741821 19.4
0036342220 1.9
0036173809 6.1
0036404541 23.3
0036654651 1.3
0036138342 4.8
0036698406 17.8
0036988308 14.5
0036933810 17.6
0036018209 3.9
0036719859 17.6
0036299550 4.3
0036986517 9.7
0036317774 5.0
0036380988 5.4
0036441006 14.0
0036857434 16.7
