0036253612 11.0
0036403320 8.1
0036473351 9.1
0036058560 8.0
0036676845 5.3
0036559467 23.4
0036841018 10.8
0036542558 13.2
0036386304 6.6
0036164471 14.1
0036320637 23.8
0036007079 17.3
0036108156 22.5
0036417902 13.5
0036180704 11.5
0036682655 12.3
0036750405 1.7
0036804739 16.3
0036332706 11.4
0036206232 5.9
0036339612 6.4
0036304148 16.5
0036445066 9.2
0036524884 15.1
0036500018 18.9
0036486546 4.5
0036287922 13.0
0036023376 7.5
0036276021 4.1
0036223360 6.2
0036278906 20.7
0036750074 9.8
0036348849 4.8
0036463972 6.1
0036529851 12.4
0036783618 3.5
0036535830 19.7
0036936552 0.7
0036911351 22.4
0036343648 20.7
0036566248 14.4
0036778837 15.6
0036288004 4.0
0036340126 12.9
0036074909 19.3
0036449181 17.2
0036691604 2.8
0036036177 5.4
0036720610 22.1
0036934125 8.0
0036784443 18.9
0036380879 17.3
0036479329 23.8
0036448307 6.6
0036619448 15.5
0036856120 23.6
0036967348 22.3
0036934089 11.8
0036841615 21.9
0036738701 2.7
0036481812 23.1
0036594390 23.1
0036322726 12.3
0036530474 8.2
0036580730 19.0
0036340018 10.5
0036762035 8.7
0036163949 3.4
0036709035 13.7
0036165725 20.0
0036345871 18.6
0036127582 8.5
