0036855451 9.8
0036729857 16.9
0036123572 2.1
0036317628 21.4
0036635833 4.7
0036546893 1.8
0036288399 11.3
0036536665 3.0
0036524979 2.8
0036654651 6.9
0036641430 20.5
0036449792 6.9
0036473808 23.7
0036763362 21.8
0036332706 13.1
0036601852 14.6
0036952822 9.0
0036296199 15.8
0036582220 18.8
0036158094 6.7
0036858548 15.5
0036857434 14.9
0036342752 0.9
0036376102 14.9
0036611269 6.6
0036784921 2.1
0036138342 20.0
0036567605 15.1
0036889742 14.0
0036122318 2.6
0036853844 2.0
0036348849 0.3
0036978596 8.5
0036003035 6.3
0036805347 3.7
0036022658 9.9
0036497215 10.8
0036480397 11.0
0036856708 19.0
0036005936 19.5
0036032630 13.5
0036317774 21.9
0036120183 17.5
0036298915 9.3
0036607240 4.5
0036810114 13.1
0036348643 14.6
0036105590 10.7
0036535830 15.7
0036988983 8.2
0036602214 17.6
0036367290 9.6
0036504874 1.6
0036036177 14.5
0036001295 12.2
0036738701 5.6
0036800544 15.0
0036732317 3.7
0036479329 9.4
0036936552 21.7
0036911351 18.6
0036312621 20.3
0036142408 20.6
0036144663 3.3
0036304148 1.5
0036466584 3.9
0036659619 5.5
0036594390 11.7
0036545005 20.8
0036117837 20.3
0036378358 12.1
0036019533 15.5
0036988406 15.3
0036841615 14.9
0036568740 23.0
0036048381 9.4
