0036122318 18.3
0036345880 21.7
0036563868 21.2
0036533262 3.3
0036304076 9.1
0036682655 16.4
0036481812 1.9
0036574925 5.8
0036024547 10.1
0036070856 9.8
0036635970 7.7
0036594390 19.4
0036542558 7.2
0036612107 20.1
0036900460 7.5
0036783618 19.4
0036581394 8.1
0036435992 4.4
0036473351 3.1
0036243055 0.7
0036178084 3.7
0036180704 5.6
0036890465 2.6
0036664080 22.6
0036294713 20.6
0036350999 7.3
0036063644 15.8
0036934125 10.6
0036889742 14.8
0036400619 15.1
0036497215 3.5
0036082508 8.9
0036322726 11.6
0036371412 21.1
0036805431 23.6
0036464351 21.4
0036446418 20.7
0036463972 17.6
0036855248 18.7
0036805347 11.9
0036015032 6.0
0036447220 11.1
0036947241 5.7
0036051261 20.2
0036124803 9.1
0036920960 22.7
0036962898 15.0
0036841615 12.8
0036142408 12.2
0036741821 9.3
0036606109 11.6
0036464505 17.1
0036003035 7.0
0036042613 11.9
0036841018 22.7
0036167019 8.4
0036698406 3.2
0036641430 9.6
0036934089 8.4
0036117837 22.6
0036286079 0.7
0036011915 17.1
0036235647 15.3
0036714068 1.5
0036211680 21.5
0036122084 10.3
0036546893 17.1
0036485064 1.8
0036988983 6.8
0036568740 12.6
0036340018 13.3
0036580730 3.0
0036589706 12.9
0036367290 18.1
0036751499 11.0
0036393993 1.2
0036918666 19.0
0036582220 11.7
0036769095 13.9
0036560471 18.3
0036784921 21.1
0036296986 16.9
0036802340 9.7
0036036177 5.9
0036497244 18.7
0036539505 9.3
0036158094 3.9
0036467768 10.3
0036378353 22.7
0036813935 4.8
0036549184 17.2
0036288004 0.3
0036986191 12.2
0036007079 13.9
0036340126 15.8
0036345871 16.2
0036567955 14.0
0036288399 16.2
0036633779 1.8
0036362253 10.8
0036933810 18.0
0036296199 9.5
0036473683 19.8
0036441006 20.6
0036642213 2.9
0036911351 15.0
0036571041 23.4
0036789715 10.6
0036058560 0.8
0036718806 0.1
0036464909 13.8
0036538894 1.7
0036287922 22.9
0036566248 1.0
0036018209 0.9
0036853555 21.7
0036114518 7.2
0036858801 8.3
0036727924 15.4
0036947807 16.3
0036019863 15.4
0036196177 9.4
0036785350 22.6
0036765989 12.3
0036923408 1.0
0036436697 18.5
0036608631 3.7
0036602214 7.8
0036499834 15.5
