0036253612 24.0
0036750405 16.0
0036019863 19.4
0036918666 17.8
0036739052 21.1
0036727924 20.2
0036448134 22.5
0036464505 1.4
0036934089 3.6
0036850374 0.9
0036127049 4.4
0036555466 14.6
0036838806 0.3
0036606109 21.0
0036415831 13.8
0036290796 5.4
0036163949 20.9
0036276021 1.6
0036005936 11.9
0036085705 6.3
0036117837 2.5
0036479329 8.1
0036322726 21.1
0036299550 7.4
0036619448 16.1
0036473808 11.6
0036855451 23.3
0036096320 2.3
0036435974 8.4
0036819402 8.7
0036265644 0.1
0036042613 6.9
0036235647 8.4
0036298915 13.9
0036738701 13.7
0036367290 22.5
0036426634 0.1
0036063644 16.4
0036993677 17.1
0036211680 11.4
0036193481 22.9
0036853844 5.0
0036030805 4.8
0036417902 8.6
0036536665 18.6
0036908704 8.5
0036398536 21.7
0036814917 19.7
0036443702 23.2
0036011915 19.9
0036763362 14.5
0036206232 19.4
0036414537 17.0
0036158094 13.4
0036509555 17.9
0036935661 12.2
0036105590 22.4
0036123572 18.4
0036601852 22.5
0036976287 15.2
0036481812 15.5
0036328120 4.7
0036445066 24.0
0036211333 16.3
0036304148 20.9
0036286079 21.7
0036664080 9.6
0036393993 17.9
0036481678 9.8
0036502579 20.9
0036577489 11.4
0036236502 15.6
0036019533 5.9
0036805649 13.4
0036783618 16.4
0036676845 5.4
0036546893 21.8
0036430849 2.5
