0036042948 3.8
0036371412 1.4
0036534749 17.4
0036253612 17.0
0036480229 3.4
0036109274 1.0
0036360454 10.6
0036328120 2.2
0036750405 13.5
0036206232 9.8
0036211680 6.8
0036312621 9.1
0036178145 5.4
0036813935 21.2
0036582220 1.1
0036594390 5.7
0036791892 4.8
0036189505 5.7
0036608631 18.4
0036155159 12.3
0036908704 10.8
0036442065 6.8
0036296986 19.7
0036568740 7.2
0036144297 12.3
0036904531 10.7
0036124803 5.5
0036446418 7.4
0036878881 14.2
0036477299 10.5
0036992767 5.1
0036120183 19.7
0036015032 19.0
0036893918 23.3
0036529851 17.0
0036612107 10.5
0036414537 8.5
0036298915 2.8
0036836801 13.8
0036535102 14.4
0036039716 23.2
0036661338 1.4
0036763362 9.9
0036288004 12.0
0036290796 2.0
0036266319 20.5
0036567605 15.8
0036005936 7.1
0036560471 8.4
0036096320 0.3
0036443702 10.1
0036900460 1.2
0036048381 15.3
0036476177 18.8
0036709035 17.3
0036743477 7.5
0036728729 1.2
0036020385 5.6
0036805347 21.3
0036463972 14.0
0036600305 13.7
0036727924 2.0
0036167019 2.3
0036499834 24.0
0036580730 8.6
0036911351 18.9
0036464909 9.0
0036762035 12.4
0036460714 4.7
0036380879 2.3
0036546885 24.1
