0036449181 16.1
0036717266 23.2
0036036177 15.2
0036762035 16.3
0036205663 18.6
0036580730 12.4
0036343648 23.7
0036436697 4.0
0036923408 14.0
0036039716 2.9
0036063644 6.1
0036041128 10.8
0036494503 10.4
0036176039 0.3
0036380879 21.4
0036082508 12.1
0036728729 18.5
0036449792 14.8
0036117896 9.1
0036741821 8.8
0036778837 6.7
0036304076 17.9
0036534749 8.0
0036802340 13.6
0036499834 9.5
0036980889 14.9
0036535102 5.4
0036380988 6.7
0036479329 1.5
0036537883 11.2
0036391210 10.0
0036487069 9.0
0036414537 15.5
0036487342 9.9
0036301920 17.6
0036326893 14.6
0036253612 20.6
0036621568 4.1
0036911351 1.0
0036448134 21.4
0036415831 24.1
0036307041 21.3
0036481678 4.2
0036769095 1.1
0036332706 17.1
0036765561 12.3
0036426634 12.5
0036235647 9.3
0036855522 3.3
0036229718 1.6
0036188254 13.2
0036642213 10.8
0036342220 3.0
0036529851 18.7
0036265644 18.5
0036616918 23.6
0036791892 16.0
0036876710 22.3
0036348849 1.3
0036079719 15.2
0036378358 10.2
0036032630 20.0
0036853844 17.3
0036287922 12.0
0036366624 2.6
0036447220 16.1
0036211333 13.2
0036178145 12.8
0036201058 18.7
0036030805 16.9
0036571041 20.0
0036739052 20.8
0036765989 12.5
0036312621 15.5
0036836801 22.4
0036935661 2.5
0036276021 15.8
0036659619 21.8
0036933810 8.6
0036074028 6.9
0036936552 19.3
0036144297 13.5
0036317628 14.3
0036296986 20.7
