0036039716 1.0
0036296986 7.5
0036993677 15.2
0036661338 7.1
0036350999 12.3
0036345880 8.9
0036371412 4.8
0036243055 1.4
0036332706 16.6
0036535830 1.5
0036537883 13.4
0036042948 21.5
0036445218 3.8
0036278906 2.3
0036029802 19.5
0036296199 12.3
0036466584 23.7
0036804739 10.0
0036487342 23.9
0036911351 1.3
0036589706 4.1
0036581394 23.8
0036487232 6.8
0036855451 3.6
0036051261 23.3
0036304148 21.3
0036679141 2.7
0036322726 7.2
0036376102 2.9
0036235647 18.8
0036836801 17.2
0036398536 7.0
0036404541 1.9
0036266319 10.5
0036612107 4.7
0036857434 23.1
0036391456 0.1
0036696203 1.9
0036473683 21.1
0036739052 12.2
0036730082 10.8
0036417902 21.5
0036189130 21.2
0036211333 7.5
0036448134 9.0
0036441006 1.6
0036328120 13.4
0036463972 0.6
0036301920 20.0
0036681915 15.1
0036452803 10.0
0036709035 18.9
0036820774 17.1
0036142408 0.4
0036386304 21.7
0036317774 13.3
0036542946 1.9
0036608631 10.1
0036555277 21.8
0036326950 10.1
0036664080 5.3
0036784921 5.5
0036841615 4.1
0036304076 17.6
0036197341 10.8
0036342220 10.7
0036762035 24.0
0036763362 8.6
0036528011 22.1
0036150217 7.8
0036704402 4.1
0036206232 9.0
0036765989 19.1
0036839693 9.3
0036480397 19.2
0036193481 14.1
0036042613 7.9
0036568740 22.2
0036400619 3.1
