0036853555 5.1
0036342752 2.3
0036189441 22.8
0036789715 23.3
0036991561 8.3
0036935661 17.5
0036108156 4.7
0036574925 0.5
0036096320 0.8
0036360454 23.0
0036343648 2.0
0036163949 13.9
0036533262 20.6
0036229718 12.5
0036682944 7.3
0036280547 15.5
0036619448 18.0
0036371132 24.1
0036144297 24.0
0036188586 22.0
0036642213 21.8
0036253612 3.1
0036362253 2.5
0036660938 20.1
0036606109 11.4
0036918666 5.4
0036448307 14.6
0036255477 22.2
0036999764 8.8
0036523284 22.1
0036499888 23.3
0036751499 4.6
0036530474 10.8
0036988406 7.0
0036217587 1.0
0036783618 0.2
0036626084 14.6
0036313369 20.6
0036596313 11.7
0036502579 23.4
0036486714 1.4
0036535102 1.2
0036567955 6.0
0036986191 6.7
0036509555 21.0
0036750405 3.7
0036366624 22.1
0036988308 13.1
0036447220 15.1
0036494503 15.3
0036560471 7.0
0036173809 20.5
0036479329 19.3
0036055763 16.8
0036698406 5.0
0036564663 3.0
0036304922 22.2
0036876710 2.9
0036328649 5.7
0036920960 9.1
0036307041 1.8
0036853844 13.1
0036040468 22.2
0036732317 15.7
0036778837 21.0
0036320637 11.9
0036813935 16.3
0036105590 9.5
0036022658 17.4
0036524884 6.5
0036621568 12.5
0036481678 15.4
0036600305 9.6
0036855248 0.6
0036542558 3.1
0036124803 19.6
0036486546 11.7
0036442065 1.2
