JMBAG          Prezime, Ime                  L1        L2        L3        L4        L5        L6        L7        L8        L9        L10       
0036001295     Ivic, Nikola                  15.2      12.2      18.3      2.0       9.7       9.7       12.0      9.3       17.4      12.7      
0036003035     Peric, Ante                   19.2      6.3       5.6       20.5      14.3      5.5       7.0       15.9      22.6      20.3      
0036005936     Skriptic, Matija              11.9      19.5      10.1      13.0      22.9      6.8       18.3      7.1       7.1       24.1      
0036007079     Ivic, Ivica                   19.6      12.0      16.0      3.6       21.7      4.8       13.9      17.6      17.3      24.0      
0036011915     Veneric, Frano                19.9      13.6      20.5      20.2      23.0      17.8      17.1      9.1       16.8      4.0       
0036015032     Misic, Sanja                  16.6      2.3       3.7       12.7      2.8       8.9       6.0       19.0      16.0      16.3      
0036018209     Krznaric, Ante                7.9       11.1      16.2      13.1      14.8      21.8      0.9       3.9       18.2      12.8      
0036019533     Pusic, Marija                 5.9       15.5      21.4      4.4       3.7       17.9      9.1       18.6      14.7      22.7      
0036019863     Vladislavljevic, Ivan         19.4      11.5      3.5       23.7      5.9       21.7      15.4      17.4      5.8       9.1       
0036020385     Misic, Dragoslav              20.1      10.8      2.4       17.9      13.8      18.0      10.0      5.6       13.1      11.5      
0036020785     Ivic, Marijana                15.4      22.6      15.7      22.0      4.1       20.5      3.4       3.9       15.5      23.1      
0036022658     Icinic, Izet                  9.8       9.9       6.5       1.1       4.7       10.4      6.7       7.8       4.6       17.4      
0036023376     Veneric, Dragoslav            0.2       10.6      16.7      14.2      9.1       10.0      5.3       18.4      7.5       7.3       
0036024547     Zezek, Nikolija               17.4      15.5      8.1       7.4       7.5       0.7       10.1      2.0       5.9       4.9       
0036029802     Peric, Jan                    19.0      21.3      15.4      6.9       18.7      12.9      5.5       17.3      15.8      19.5      
0036030805     Wojtek, Izet                  4.8       16.2      20.6      0.0       13.6      16.9      12.3      22.4      20.5      10.7      
0036032630     Icinic, Ivica                 2.2       13.5      12.1      17.7      15.8      20.0      11.3      5.4       17.5      6.6       
0036036177     Tutek, Marin                  22.0      14.5      7.0       19.0      5.1       15.2      5.9       19.6      5.4       13.6      
0036039716     Ibrahimovic, Jan              17.0      13.4      1.0       7.8       1.9       2.9       7.0       23.2      12.4      1.0       
0036040468     Ibrahimovic, Jan              15.3      22.0      1.3       0.5       0.8       7.7       0.9       4.3       15.4      22.2      
0036041128     Pusic, Jan                    5.3       19.9      10.4      1.1       0.3       10.8      23.9      3.6       20.9      22.6      
0036042613     Icinic, Ante                  6.9       2.8       3.6       2.1       8.5       2.5       11.9      20.5      7.5       7.9       
0036042948     Misic, Anastasija             2.3       16.8      19.5      2.6       2.9       5.2       0.6       3.8       15.4      21.5      
0036042964     Pusic, Izabela                0.3       5.7       13.1      4.9       19.6      11.1      8.2       1.4       5.2       19.5      
0036044034     Zezek, Hrvoje                 5.8       7.3       14.6      14.5      13.9      23.1      9.4       1.5       15.5      10.2      
0036048381     Misic, Matija                 6.5       9.4       8.0       8.8       22.3      9.8       9.4       15.3      23.9      13.2      
0036051261     Wojtek, Nikola                5.7       8.7       12.3      17.6      20.9      2.6       20.2      12.9      3.0       23.3      
0036055763     Skriptic, Hrvoje              1.5       22.8      1.8       5.4       20.4      0.5       23.0      11.6      9.1       16.8      
0036058560     Veneric, Ante                 2.3       4.9       14.3      20.0      12.5      20.3      0.8       12.3      8.0       8.5       
0036063644     Epiric, Jan                   16.4      0.5       6.8       18.8      1.1       6.1       15.8      17.3      11.7      3.3       
0036070856     Domazet, Nikolija             19.6      7.1       8.9       9.2       5.6       6.1       9.8       6.9       23.5      17.5      
0036074028     Tutek, Nikolina               23.9      23.5      2.5       8.7       4.5       6.9       19.3      3.1       12.7      5.0       
0036074909     Ibrahimovic, Hrvoje           6.9       15.6      8.4       20.6      20.2      8.5       19.7      5.9       19.3      20.1      
0036079719     Selenic, Marijana             17.0      20.6      8.3       20.0      19.2      15.2      11.9      15.2      6.0       4.9       
0036082508     Domazet, Sanja                12.1      4.6       16.1      12.9      12.1      12.1      8.9       23.2      14.6      6.8       
0036085705     Wojtek, Dragoslav             6.3       8.4       2.5       22.1      14.9      18.6      14.2      24.1      1.7       7.0       
0036096320     Ivic, Nikolija                2.3       16.7      22.1      8.5       8.0       11.7      3.8       0.3       15.7      0.8       
0036105590     Radisavljevic, Anamarija      22.4      10.7      8.0       1.3       6.6       20.8      18.4      4.2       1.2       9.5       
0036108156     Snajder, Matija               16.1      4.8       5.3       8.9       6.4       0.8       17.3      1.6       22.5      4.7       
0036109274     Ibrahimovic, Frano            24.0      11.7      14.0      6.4       1.8       0.3       13.3      1.0       6.9       7.1       
0036114518     Isafek, Izabela               7.2       2.4       7.8       6.5       6.7       0.0       7.2       12.5      4.5       10.7      
0036117837     Keric, Senka                  2.5       20.3      2.0       22.2      23.7      14.2      22.6      2.5       19.3      12.8      
0036117896     Frajeric, Marin               10.2      2.0       20.5      13.2      11.7      9.1       14.8      8.8       16.6      0.4       
0036120183     Tutek, Stanija                21.6      17.5      2.1       22.2      14.0      17.8      22.3      19.7      21.3      3.4       
0036122084     Frajeric, Matija              5.0       17.8      17.5      4.7       12.0      5.9       10.3      22.4      21.1      6.3       
0036122318     Keric, Izabela                3.3       2.6       11.5      18.9      16.1      22.6      18.3      8.5       9.8       3.1       
0036123572     Ivic, Hrvoje                  18.4      2.1       23.6      21.9      16.2      16.2      10.2      8.1       5.0       7.9       
0036124803     Frajeric, Ante                19.4      21.6      9.2       22.5      0.8       7.0       9.1       5.5       17.2      19.6      
0036127049     Snajder, Frano                4.4       0.6       14.4      13.4      3.5       17.2      7.4       23.2      1.2       12.2      
0036127582     Domazet, Ana                  13.8      8.0       5.0       6.4       14.0      6.8       6.2       17.9      8.5       8.6       
0036138342     Misic, Senka                  6.4       20.0      14.2      15.5      23.0      0.9       4.9       4.8       22.5      5.4       
0036142408     Keric, Anamarija              2.3       20.6      0.5       0.7       18.6      0.4       12.2      14.6      23.4      0.4       
0036144297     Misic, Izabela                14.0      18.0      14.2      14.0      6.4       13.5      3.2       12.3      18.0      24.0      
0036144663     Domazet, Ivan                 2.3       3.3       3.4       20.0      17.1      21.1      2.0       1.0       8.4       15.0      
0036150217     Radisavljevic, Marija         1.3       13.9      4.7       14.2      21.7      13.9      16.5      14.8      17.6      7.8       
0036155159     Veneric, Nikolija             3.4       1.3       0.9       11.9      20.1      23.8      22.1      12.3      5.7       14.8      
0036158094     Snur, Nikolina                13.4      6.7       13.0      2.8       14.2      9.3       3.9       6.6       13.8      16.5      
0036163949     Nuic, Marko                   20.9      11.3      1.2       18.5      2.9       9.5       22.1      4.4       3.4       13.9      
0036164471     Misic, Hrvoje                 1.6       20.2      18.9      15.1      1.5       7.3       7.4       12.8      14.1      3.5       
0036165725     Snur, Anastasija              0.4       23.6      1.2       4.7       23.2      16.3      0.1       21.6      20.0      16.6      
0036167019     Isafek, Marko                 22.5      16.9      2.0       9.0       15.1      13.6      8.4       2.3       21.8      22.1      
0036173809     Ivic, Senka                   19.9      11.0      18.7      20.2      17.9      19.0      12.7      6.1       21.7      20.5      
0036174269     Krznaric, Ana                 22.0      3.5       7.2       2.2       21.7      20.6      6.5       17.7      8.5       18.4      
0036176039     Krznaric, Marko               10.3      7.2       19.4      12.2      10.0      0.3       4.7       10.6      8.0       11.8      
0036177932     Keric, Nikola                 3.5       17.8      19.9      7.4       19.9      7.4       7.7       20.2      12.0      20.9      
0036178084     Selenic, Matija               21.1      3.3       6.4       14.1      17.1      18.0      3.7       13.0      18.5      1.7       
0036178145     Snur, Nikola                  12.7      12.9      0.2       12.1      23.0      12.8      1.4       5.4       8.6       11.1      
0036180704     Nuic, Marijana                9.1       22.9      5.0       21.0      0.7       8.9       5.6       4.5       11.5      22.2      
0036181963     Veneric, Nikola               21.4      18.4      22.4      1.2       16.5      14.9      21.5      10.4      20.3      5.1       
0036187462     Ibrahimovic, Ante             17.5      14.1      14.9      22.6      15.9      0.6       13.3      17.1      7.3       23.5      
0036188254     Zezek, Stanija                15.3      1.7       20.6      11.4      9.9       13.2      3.5       9.8       3.2       6.7       
0036188586     Krznaric, Izet                12.6      2.4       8.0       0.9       17.5      20.9      8.0       18.2      12.6      22.0      
0036189130     Snajder, Nikolina             10.0      5.1       22.9      6.1       4.0       5.9       5.3       18.4      13.9      21.2      
0036189441     Pusic, Nikolina               8.4       3.9       7.7       20.6      2.0       21.2      17.4      3.3       0.8       22.8      
0036189505     Vladislavljevic, Izet         4.6       0.2       14.0      19.5      11.6      13.8      17.3      5.7       22.2      13.7      
0036193481     Ibrahimovic, Ivan             22.9      15.5      0.4       3.7       19.3      10.3      21.5      20.7      7.1       14.1      
0036196177     Pusic, Senka                  19.7      12.1      22.6      9.3       4.2       22.0      9.4       23.6      1.3       14.0      
0036197341     Snur, Pero                    16.4      20.6      21.3      23.6      21.3      9.0       19.7      17.8      14.4      10.8      
0036201058     Epiric, Senka                 4.3       1.8       5.0       20.6      1.7       18.7      4.2       2.1       16.1      17.2      
0036205663     Isafek, Marin                 9.1       18.6      16.5      21.1      18.8      18.6      23.8      11.2      11.2      3.6       
0036206232     Senehos, Marko                19.4      10.9      12.8      22.8      0.2       5.3       11.4      9.8       5.9       9.0       
0036207260     Veneric, Anastasija           13.4      1.0       16.4      11.2      14.1      6.9       2.7       5.8       15.9      3.9       
0036209472     Ivic, Marin                   2.5       19.6      18.5      2.0       9.1       6.4       4.4       3.6       21.0      11.1      
0036211333     Ibrahimovic, Anastasija       16.3      15.3      1.8       14.1      10.4      13.2      16.2      15.6      13.0      7.5       
0036211680     Misic, Nikolija               11.4      13.7      3.7       17.8      22.9      21.9      21.5      6.8       4.0       8.3       
0036217587     Frajeric, Hrvoje              1.5       0.4       12.8      6.3       3.8       11.8      5.4       15.2      15.0      1.0       
0036223360     Snajder, Ante                 13.1      23.1      8.0       5.8       20.0      5.6       10.3      14.7      6.2       12.4      
0036229718     Krznaric, Pero                9.1       9.5       13.8      21.1      12.3      1.6       4.8       10.2      7.7       12.5      
0036230122     Isafek, Stanija               17.4      23.9      17.8      7.2       0.6       22.8      2.7       19.7      13.2      17.0      
0036232855     Radisavljevic, Stanija        14.5      9.0       4.7       14.1      7.2       20.3      23.2      17.9      11.3      0.6       
0036235647     Icinic, Marijana              8.4       13.9      6.6       0.9       13.8      9.3       15.3      21.0      14.6      18.8      
0036236502     Snur, Marijana                15.6      8.1       17.5      5.9       17.9      20.2      20.4      2.8       18.1      20.1      
0036237752     Epiric, Nikolija              10.4      11.3      10.4      22.5      10.6      11.8      20.1      16.4      5.9       8.6       
0036239294     Vladislavljevic, Ana          5.3       17.4      23.1      10.0      1.9       13.6      8.8       9.2       10.3      14.1      
0036243055     Nuic, Matija                  4.6       16.5      4.2       15.1      3.9       18.5      0.7       10.7      7.4       1.4       
0036253612     Keric, Stanija                24.0      8.3       4.2       11.6      22.9      20.6      9.1       17.0      11.0      3.1       
0036255477     Krznaric, Anamarija           13.2      8.2       3.8       18.0      21.7      1.2       10.5      10.6      10.1      22.2      
0036265644     Nuic, Anamarija               0.1       2.3       2.1       18.9      4.0       18.5      13.9      21.9      3.4       3.5       
0036266319     Peric, Jan                    18.9      16.4      8.4       13.7      1.3       12.4      19.4      20.5      2.9       10.5      
0036273252     Krznaric, Ivica               15.5      20.6      13.0      16.9      1.7       15.8      0.5       15.8      15.0      0.5       
0036276021     Vladislavljevic, Pero         1.6       13.7      2.8       19.2      13.7      15.8      4.5       4.9       4.1       3.0       
0036278906     Pusic, Ivan                   18.5      8.6       8.8       3.7       23.4      14.2      2.8       18.8      20.7      2.3       
0036279107     Krznaric, Pero                10.4      17.6      17.3      16.7      17.5      14.5      12.7      21.9      7.1       5.6       
0036280547     Vladislavljevic, Stanija      18.0      19.9      13.9      13.1      1.0       5.7       9.8       2.8       9.8       15.5      
0036286079     Wojtek, Marija                21.7      0.9       13.5      10.0      6.6       9.1       0.7       0.7       16.3      21.8      
0036287922     Wojtek, Ivica                 10.7      3.1       2.5       10.0      8.9       12.0      22.9      10.5      13.0      15.3      
0036288004     Vladislavljevic, Ivan         3.4       8.0       20.3      12.1      5.6       11.1      0.3       12.0      4.0       6.8       
0036288399     Krznaric, Frano               21.0      11.3      17.5      5.1       7.4       7.6       16.2      5.5       11.4      1.3       
0036290796     Vladislavljevic, Marko        5.4       10.4      5.1       10.7      15.9      1.3       16.4      2.0       7.1       0.7       
0036294713     Isafek, Marijana              23.2      15.6      15.3      1.7       20.1      6.5       20.6      12.7      21.8      8.0       
0036296199     Snur, Jan                     8.6       15.8      0.0       6.0       7.0       13.9      9.5       4.5       2.5       12.3      
0036296986     Snajder, Marija               22.1      23.6      5.9       18.4      3.8       20.7      16.9      19.7      17.4      7.5       
0036298915     Veneric, Ivan                 13.9      9.3       17.8      4.4       24.1      8.0       3.5       2.8       11.0      14.8      
0036299550     Snur, Frano                   7.4       19.7      18.6      5.4       9.2       14.4      22.7      4.3       0.4       20.9      
0036301920     Selenic, Nikolina             23.2      6.9       21.3      22.1      24.0      17.6      20.9      18.2      11.4      20.0      
0036302877     Domazet, Izabela              9.5       3.2       5.0       22.4      21.6      0.1       3.9       3.5       22.1      2.5       
0036304076     Domazet, Senka                9.4       19.4      17.8      19.1      3.0       17.9      9.1       8.6       15.8      17.6      
0036304148     Snajder, Pero                 20.9      1.5       19.6      1.4       14.3      20.6      23.3      4.6       16.5      21.3      
0036304922     Zezek, Izabela                6.2       9.3       9.3       17.5      15.2      20.8      20.7      19.5      22.0      22.2      
0036307041     Tutek, Nikolija               19.9      12.3      23.3      14.7      24.0      21.3      11.4      15.4      19.5      1.8       
0036307966     Krznaric, Stanija             1.7       1.6       6.5       21.1      22.8      23.5      1.4       10.8      18.2      4.6       
0036310112     Epiric, Ivan                  0.3       12.8      4.6       10.6      18.1      1.6       8.0       7.9       6.7       9.8       
0036311775     Ibrahimovic, Ana              10.3      6.9       12.4      20.4      2.5       11.1      17.4      18.3      13.0      3.3       
0036312621     Zezek, Anamarija              1.0       20.3      3.7       8.5       8.0       15.5      2.4       9.1       18.1      15.4      
0036313369     Epiric, Ivan                  20.9      19.4      17.9      12.4      8.4       8.2       5.4       18.8      3.4       20.6      
0036317628     Ivic, Nikola                  13.4      21.4      21.4      5.3       21.8      14.3      5.9       13.7      16.9      6.8       
0036317774     Tutek, Ana                    10.1      21.9      19.7      4.3       9.5       16.4      7.1       5.0       5.9       13.3      
0036320637     Selenic, Marin                1.2       22.1      10.5      20.1      13.0      1.2       20.8      19.8      23.8      11.9      
0036322726     Tutek, Anastasija             21.1      3.6       17.8      11.5      8.5       8.7       11.6      22.2      12.3      7.2       
0036326893     Ivic, Izabela                 6.0       0.1       18.1      23.6      12.3      14.6      20.5      8.8       18.1      16.3      
0036326950     Domazet, Ivan                 3.0       21.5      7.9       2.1       4.7       12.0      9.3       15.7      22.9      10.1      
0036328120     Epiric, Nikolina              4.7       22.0      10.7      8.6       3.8       6.7       19.2      2.2       22.3      13.4      
0036328649     Senehos, Nikolija             3.2       14.1      20.3      8.6       3.6       21.2      9.9       7.0       21.5      5.7       
0036332060     Pusic, Hrvoje                 4.3       20.8      14.3      15.1      1.4       1.2       8.4       6.6       14.8      10.6      
0036332706     Radisavljevic, Frano          5.7       13.1      8.1       22.3      8.5       17.1      0.9       6.8       11.4      16.6      
0036339612     Keric, Izabela                7.9       4.8       23.5      18.4      14.3      9.1       18.5      6.1       6.4       16.1      
0036340018     Epiric, Ana                   14.7      12.3      2.6       24.1      2.7       15.8      13.3      16.9      10.5      12.3      
0036340126     Ivic, Frano                   14.9      0.9       18.8      5.1       9.3       11.8      15.8      23.9      12.9      24.0      
0036342220     Pusic, Stanija                8.0       20.9      23.6      1.2       13.9      3.0       5.0       1.9       22.6      10.7      
0036342752     Frajeric, Cecilija            7.4       0.9       7.2       8.5       6.9       9.8       13.0      5.5       4.7       2.3       
0036343648     Wojtek, Frano                 0.2       6.9       14.1      22.6      10.4      23.7      8.6       6.5       20.7      2.0       
0036345871     Keric, Marko                  23.1      23.9      4.1       14.7      2.6       13.4      16.2      14.6      18.6      18.5      
0036345880     Krznaric, Nikolija            20.3      12.0      4.4       22.4      4.4       22.7      21.7      10.6      23.0      8.9       
0036348643     Tutek, Sanja                  13.9      14.6      20.5      15.0      2.6       2.4       6.5       5.9       12.5      17.5      
0036348849     Icinic, Izabela               20.0      0.3       12.4      2.2       14.3      1.3       0.4       20.9      4.8       7.9       
0036350999     Krznaric, Marija              0.8       15.1      13.8      12.9      20.4      13.0      7.3       5.8       15.9      12.3      
0036360454     Selenic, Ante                 14.4      23.1      6.1       7.8       9.7       9.4       19.5      10.6      2.2       23.0      
0036362253     Epiric, Ivan                  1.9       21.3      14.6      16.5      16.0      0.4       10.8      17.1      17.1      2.5       
0036363810     Ibrahimovic, Frano            19.0      3.8       17.1      6.1       2.3       21.1      3.0       7.0       1.2       14.9      
0036366624     Domazet, Pero                 21.6      17.0      15.3      8.7       19.1      2.6       10.7      11.3      2.6       22.1      
0036367290     Snur, Anamarija               22.5      9.6       13.3      22.6      14.7      1.3       18.1      17.6      16.2      0.5       
0036368258     Pusic, Frano                  20.8      18.1      18.6      8.7       4.1       10.4      0.3       2.5       4.3       7.8       
0036371132     Vladislavljevic, Marija       2.8       5.5       7.9       23.9      22.2      3.2       2.4       15.5      12.7      24.1      
0036371412     Peric, Marija                 23.6      3.9       18.7      7.5       3.9       5.3       21.1      1.4       14.8      4.8       
0036376102     Misic, Pero                   24.0      14.9      22.0      2.0       6.7       12.0      8.1       0.9       12.2      2.9       
0036377260     Icinic, Nikolina              18.3      1.4       6.0       17.8      0.0       2.2       7.8       9.5       15.0      2.2       
0036378062     Skriptic, Frano               16.6      14.1      10.8      10.7      16.7      12.2      5.9       6.8       13.7      11.7      
0036378353     Frajeric, Anastasija          21.3      0.9       18.1      16.7      10.5      11.4      22.7      13.3      14.5      5.1       
0036378358     Selenic, Matija               14.9      12.1      19.8      21.6      22.1      10.2      7.1       8.6       13.4      10.4      
0036380879     Krznaric, Hrvoje              10.8      2.0       11.1      4.3       20.4      21.4      16.3      2.3       17.3      7.4       
0036380988     Ivic, Nikola                  15.9      18.7      10.7      15.1      1.5       6.7       17.2      5.4       23.6      17.1      
0036383598     Icinic, Matija                4.3       10.6      20.2      16.1      21.0      13.5      6.2       11.7      13.1      1.6       
0036384710     Senehos, Marija               16.8      10.3      1.6       9.9       3.1       14.3      6.6       23.8      8.2       19.9      
0036386304     Keric, Marija                 14.8      19.7      23.5      15.8      1.1       11.9      21.5      7.9       6.6       21.7      
0036391210     Domazet, Sanja                2.4       9.8       5.4       17.6      6.0       10.0      4.2       23.2      6.6       12.7      
0036391456     Pusic, Nikola                 4.1       16.8      6.5       14.3      9.5       2.8       3.5       3.9       17.6      0.1       
0036393993     Peric, Nikolija               17.9      19.6      9.8       20.4      17.4      18.6      1.2       1.4       6.3       12.4      
0036398536     Epiric, Cecilija              21.7      5.5       0.8       21.0      9.8       2.5       20.0      21.9      11.5      7.0       
0036400619     Misic, Izet                   13.2      15.4      15.4      2.6       1.7       18.9      15.1      18.9      2.3       3.1       
0036403320     Krznaric, Anastasija          14.0      19.8      9.4       6.0       21.9      18.1      24.0      23.6      8.1       3.1       
0036404541     Ibrahimovic, Frano            5.0       10.9      19.6      19.2      13.8      4.0       13.0      23.3      11.8      1.9       
0036414537     Nuic, Stanija                 17.0      16.8      22.9      19.4      10.1      15.5      7.4       8.5       8.6       1.1       
0036415831     Peric, Frano                  13.8      17.2      23.3      22.1      17.0      24.1      10.3      5.2       22.5      12.0      
0036417902     Peric, Marko                  8.6       19.7      0.3       17.7      11.2      18.4      8.6       22.9      13.5      21.5      
0036424217     Keric, Izabela                2.0       11.5      6.0       23.9      1.1       22.6      13.7      23.3      24.0      16.8      
0036425263     Snajder, Senka                18.4      11.6      7.7       17.4      15.3      17.8      17.5      1.6       0.7       5.1       
0036426634     Ivic, Jan                     0.1       10.1      5.5       8.6       8.8       12.5      7.2       20.6      9.6       21.7      
0036430849     Skriptic, Ante                2.5       2.5       13.8      22.2      12.2      12.1      18.6      21.5      7.8       0.5       
0036435974     Keric, Nikolija               8.4       14.7      20.7      12.7      17.8      10.0      21.3      21.0      12.0      10.7      
0036435992     Veneric, Jan                  15.3      15.7      6.6       5.0       9.7       13.6      4.4       0.1       5.2       19.7      
0036436697     Keric, Ante                   11.8      7.9       17.1      3.9       21.6      4.0       18.5      12.6      10.9      3.4       
0036441006     Veneric, Ivan                 21.4      0.7       0.8       16.6      19.0      6.9       20.6      14.0      1.6       1.6       
0036442065     Icinic, Izabela               23.0      20.9      2.4       18.2      5.6       8.2       10.8      6.8       9.2       1.2       
0036443702     Veneric, Stanija              23.2      4.5       12.1      14.1      9.0       9.6       7.3       10.1      0.6       2.7       
0036445066     Snajder, Anastasija           24.0      3.4       9.1       5.8       12.5      23.9      3.0       19.1      9.2       17.6      
0036445180     Ibrahimovic, Cecilija         3.2       18.9      13.6      11.3      19.6      2.5       6.6       6.3       10.7      18.9      
0036445218     Snajder, Ana                  10.8      24.1      1.0       22.2      14.0      7.9       3.9       3.4       14.3      3.8       
0036446418     Zezek, Nikola                 4.2       21.5      13.0      0.6       10.5      17.5      20.7      7.4       19.4      10.1      
0036447220     Krznaric, Nikolina            12.3      14.1      2.8       7.0       16.0      16.1      11.1      4.7       13.4      15.1      
0036448134     Snur, Ivica                   22.5      8.6       19.7      7.4       21.5      21.4      1.9       23.3      13.1      9.0       
0036448307     Wojtek, Nikolina              12.4      9.5       19.8      23.2      18.4      7.3       10.5      13.4      6.6       14.6      
0036449181     Icinic, Matija                1.4       8.9       10.1      2.1       2.0       16.1      20.4      17.4      17.2      16.9      
0036449792     Tutek, Marin                  21.5      6.9       19.8      7.0       11.9      14.8      5.8       13.2      8.0       7.6       
0036450455     Isafek, Stanija               15.5      17.3      16.8      3.3       13.3      8.4       22.3      13.5      10.3      18.4      
0036451978     Peric, Marin                  13.5      13.9      17.0      1.1       19.4      13.9      1.1       5.1       1.3       4.7       
0036452803     Snur, Marijana                13.5      7.2       8.6       21.6      23.2      9.0       5.0       3.4       20.5      10.0      
0036460714     Pusic, Stanija                22.9      23.9      21.3      18.3      14.4      23.8      9.5       4.7       3.8       0.9       
0036463781     Isafek, Izabela               5.1       10.2      15.9      12.8      6.9       20.2      1.6       15.7      1.5       20.2      
0036463972     Veneric, Marko                2.6       23.6      16.0      13.5      22.3      0.2       17.6      14.0      6.1       0.6       
0036464351     Frajeric, Anastasija          16.0      19.6      11.2      13.4      20.0      18.3      21.4      14.5      10.7      5.6       
0036464505     Radisavljevic, Marko          1.4       7.7       17.5      7.5       20.8      14.2      17.1      20.3      8.0       18.1      
0036464909     Krznaric, Marin               16.9      15.1      5.9       23.7      3.1       23.2      13.8      9.0       13.0      16.5      
0036466584     Snur, Senka                   15.5      3.9       1.8       8.9       11.4      20.1      2.9       24.0      13.2      23.7      
0036467768     Misic, Sanja                  6.7       1.3       20.0      6.4       5.7       12.1      10.3      12.1      15.2      20.0      
0036473351     Ibrahimovic, Jan              7.4       21.9      14.5      6.3       2.3       7.8       3.1       5.9       9.1       17.5      
0036473683     Snur, Ivan                    2.1       6.3       20.8      6.4       7.6       1.3       19.8      4.9       15.1      21.1      
0036473808     Frajeric, Nikolina            11.6      23.7      21.9      5.2       3.0       10.8      1.5       16.6      4.6       3.7       
0036474267     Icinic, Marin                 23.9      17.8      0.8       10.5      13.8      9.8       6.6       10.2      1.5       11.2      
0036476177     Snajder, Senka                21.2      8.0       12.9      0.4       5.1       4.3       3.7       18.8      12.9      5.8       
0036477299     Frajeric, Sanja               1.9       12.4      0.4       1.6       15.2      23.7      20.3      10.5      13.7      14.9      
0036479329     Misic, Nikola                 8.1       9.4       4.2       18.2      7.5       1.5       17.5      5.7       23.8      19.3      
0036480229     Icinic, Frano                 7.8       7.1       13.2      12.1      4.8       17.2      1.4       3.4       17.1      17.0      
0036480397     Nuic, Marin                   5.5       11.0      8.1       8.9       4.9       14.0      10.4      5.8       20.7      19.2      
0036481678     Radisavljevic, Izabela        9.8       5.3       7.6       3.3       2.8       4.2       15.9      8.8       11.7      15.4      
0036481812     Keric, Matija                 15.5      9.1       22.4      1.6       16.9      5.1       1.9       21.1      23.1      5.4       
0036484679     Senehos, Matija               23.3      21.7      11.8      7.3       7.9       1.1       22.2      14.9      6.1       9.1       
0036485064     Keric, Hrvoje                 5.0       4.1       17.1      10.9      1.6       2.4       1.8       11.0      4.6       4.6       
0036486546     Selenic, Ana                  13.9      6.0       8.7       18.6      7.1       23.3      15.8      5.9       4.5       11.7      
0036486714     Domazet, Frano                22.5      17.3      2.5       1.6       19.2      2.2       20.8      20.6      22.9      1.4       
0036487069     Wojtek, Senka                 19.1      12.5      0.9       5.4       18.8      9.0       11.3      21.6      10.8      4.4       
0036487232     Snajder, Ivan                 6.4       16.1      2.0       12.4      20.4      4.1       15.3      13.3      5.6       6.8       
0036487342     Peric, Izet                   20.3      14.5      16.5      23.7      20.6      9.9       12.8      1.7       2.6       23.9      
0036487570     Epiric, Marko                 21.0      14.4      21.9      12.4      0.5       7.2       23.8      13.9      20.4      1.4       
0036494503     Radisavljevic, Pero           22.6      21.2      22.0      4.9       11.6      10.4      5.9       5.1       20.8      15.3      
0036497215     Frajeric, Hrvoje              19.8      10.8      5.6       20.2      0.5       19.6      3.5       18.2      20.8      12.7      
0036497244     Skriptic, Ivica               2.1       3.7       5.8       16.3      24.1      7.1       18.7      13.7      20.4      13.2      
0036499834     Domazet, Ante                 15.8      12.2      4.4       18.8      14.8      9.5       15.5      24.0      8.6       21.5      
0036499888     Vladislavljevic, Izabela      11.7      7.2       9.4       2.9       22.4      16.7      13.6      8.7       9.9       23.3      
0036500018     Misic, Nikola                 21.1      5.0       23.5      11.4      1.6       16.7      17.6      20.6      18.9      8.4       
0036502579     Krznaric, Marin               20.9      7.6       6.9       8.2       13.9      23.3      8.5       1.1       8.7       23.4      
0036504874     Veneric, Izabela              20.0      1.6       24.1      17.1      10.1      12.3      4.3       9.9       6.0       5.1       
0036509555     Radisavljevic, Marin          17.9      8.1       19.0      12.4      5.7       12.0      4.5       7.0       9.3       21.0      
0036512848     Peric, Ivan                   6.4       18.0      5.3       14.0      22.3      11.3      19.0      8.3       7.2       14.1      
0036523284     Vladislavljevic, Senka        11.7      19.2      2.3       11.6      18.4      15.9      6.0       17.1      1.6       22.1      
0036524884     Veneric, Ivica                17.8      3.8       13.7      2.1       5.0       22.3      4.1       9.8       15.1      6.5       
0036524979     Frajeric, Ana                 17.3      2.8       13.0      5.7       21.2      22.6      20.7      20.8      18.9      19.3      
0036528011     Snajder, Ivica                15.0      15.0      8.4       9.8       9.9       6.5       6.4       2.2       18.0      22.1      
0036529851     Icinic, Ivan                  18.1      6.8       18.0      5.9       19.9      18.7      4.7       17.0      12.4      9.2       
0036530474     Domazet, Ivica                13.8      5.5       18.4      11.0      22.4      11.2      8.6       13.1      8.2       10.8      
0036532868     Nuic, Marko                   2.0       10.6      2.4       13.8      16.4      17.1      14.0      12.9      3.8       6.9       
0036533262     Snur, Ivan                    24.0      7.1       23.4      5.8       13.5      1.7       3.3       16.4      22.6      20.6      
0036534749     Epiric, Ana                   17.2      15.1      0.4       13.0      21.7      8.0       14.0      17.4      5.4       3.2       
0036535102     Veneric, Marko                21.8      0.1       0.0       11.2      19.9      5.4       23.1      14.4      13.2      1.2       
0036535830     Snajder, Marin                0.7       15.7      9.5       11.0      21.1      23.5      1.7       1.6       19.7      1.5       
0036536665     Veneric, Frano                18.6      3.0       7.4       8.4       18.7      19.2      12.7      12.7      13.0      18.1      
0036537883     Ibrahimovic, Frano            4.6       16.3      19.7      2.8       21.5      11.2      10.6      21.1      23.8      13.4      
0036538894     Ibrahimovic, Marko            21.5      12.8      23.4      16.8      2.1       9.2       1.7       12.8      0.5       5.7       
0036539505     Pusic, Izet                   5.2       12.7      0.8       3.2       20.8      21.7      9.3       10.7      13.2      4.8       
0036542558     Keric, Pero                   21.4      19.7      19.2      3.7       23.2      14.4      7.2       17.5      13.2      3.1       
0036542946     Frajeric, Cecilija            14.4      5.4       19.1      8.4       15.3      19.1      3.2       15.3      8.5       1.9       
0036545005     Icinic, Ante                  2.8       20.8      23.6      20.4      10.3      19.3      0.9       13.0      6.9       4.6       
0036546528     Snajder, Senka                16.7      3.5       8.1       1.8       20.8      1.1       4.4       10.5      3.5       22.2      
0036546885     Krznaric, Frano               14.1      11.1      20.1      9.1       20.4      5.6       18.5      24.1      8.6       17.3      
0036546893     Tutek, Dragoslav              21.8      1.8       3.7       14.1      11.6      2.4       17.1      20.0      14.7      8.0       
0036549184     Domazet, Sanja                22.2      20.4      22.2      21.1      7.8       19.4      17.2      2.3       6.6       13.2      
0036552385     Snur, Ante                    22.2      22.7      1.5       23.7      10.0      14.8      4.4       12.0      0.0       12.7      
0036552691     Krznaric, Marko               19.7      6.2       18.2      17.3      3.2       13.2      22.2      9.6       8.4       16.9      
0036555277     Epiric, Dragoslav             9.6       6.1       1.5       17.7      12.0      1.0       15.9      8.1       23.8      21.8      
0036555466     Snajder, Izet                 14.6      11.6      6.9       20.5      10.3      16.8      15.5      10.6      9.1       4.4       
0036559467     Keric, Anastasija             21.1      19.3      21.3      13.3      12.6      10.7      12.9      3.0       23.4      21.8      
0036560471     Frajeric, Marija              2.2       18.2      1.0       14.0      3.0       14.6      18.3      8.4       7.4       7.0       
0036562508     Senehos, Senka                15.4      23.2      6.5       17.8      6.5       7.7       14.8      1.5       12.9      8.3       
0036563868     Zezek, Stanija                20.2      14.3      14.2      8.4       2.3       2.7       21.2      23.6      18.2      18.5      
0036564663     Isafek, Izabela               16.3      10.9      14.4      23.0      8.1       20.3      12.3      12.9      7.8       3.0       
0036566248     Pusic, Nikolina               20.1      7.3       19.2      8.8       11.4      7.0       1.0       7.3       14.4      8.0       
0036567605     Selenic, Senka                1.9       15.1      10.8      7.7       12.8      11.4      20.1      15.8      11.9      24.0      
0036567955     Pusic, Ana                    10.5      21.2      20.9      15.6      14.0      20.2      14.0      6.8       6.4       6.0       
0036568740     Peric, Cecilija               21.0      23.0      9.5       2.4       14.8      16.4      12.6      7.2       16.1      22.2      
0036571041     Wojtek, Marija                2.3       4.6       18.2      8.6       11.6      20.0      23.4      1.5       16.4      17.9      
0036574925     Ivic, Sanja                   9.6       2.1       23.9      14.2      10.3      22.9      5.8       17.2      1.2       0.5       
0036575976     Isafek, Marija                23.7      13.0      23.5      9.6       13.0      10.4      20.4      1.6       21.9      0.3       
0036577489     Skriptic, Cecilija            11.4      19.8      23.2      10.3      16.9      9.9       16.8      8.3       10.1      5.6       
0036580730     Radisavljevic, Ante           21.3      1.1       22.2      14.4      9.6       12.4      3.0       8.6       19.0      21.9      
0036581394     Krznaric, Marija              2.5       10.0      3.1       19.9      11.0      6.7       8.1       20.1      10.1      23.8      
0036582220     Krznaric, Marin               15.1      18.8      21.1      20.4      6.7       21.4      11.7      1.1       23.2      3.2       
0036589706     Radisavljevic, Anastasija     18.0      14.4      4.7       0.4       0.9       7.9       12.9      23.6      6.8       4.1       
0036594390     Nuic, Ivan                    15.9      11.7      8.5       18.9      7.5       16.2      19.4      5.7       23.1      9.0       
0036596313     Tutek, Marija                 16.8      11.8      21.9      9.1       11.6      22.9      17.1      16.4      6.8       11.7      
0036600305     Vladislavljevic, Marko        13.3      13.0      0.1       10.1      17.0      6.8       8.9       13.7      8.6       9.6       
0036601852     Domazet, Anamarija            22.5      14.6      8.3       19.1      15.8      22.1      0.5       18.7      24.1      15.3      
0036602214     Isafek, Ivica                 10.3      17.6      14.4      20.9      0.0       22.5      7.8       9.1       2.6       4.2       
0036606109     Nuic, Ivan                    21.0      9.1       11.7      20.1      15.5      0.2       11.6      2.6       2.4       11.4      
0036607240     Frajeric, Izabela             16.3      4.5       13.2      1.5       13.0      16.7      23.0      5.8       21.2      12.3      
0036608631     Krznaric, Marko               16.9      2.0       23.3      24.1      0.6       7.4       3.7       18.4      0.9       10.1      
0036611269     Epiric, Stanija               12.9      6.6       21.8      14.6      6.3       3.7       22.5      16.2      9.6       13.7      
0036612107     Zezek, Ana                    3.2       22.3      12.6      20.2      6.7       6.4       20.1      10.5      1.0       4.7       
0036614443     Radisavljevic, Hrvoje         22.2      16.4      2.9       13.0      3.1       2.0       5.9       15.0      21.3      6.6       
0036616393     Isafek, Stanija               21.1      19.3      21.6      18.5      20.3      11.2      20.8      14.9      17.8      11.4      
0036616918     Zezek, Senka                  16.5      17.8      5.6       4.7       9.5       23.6      19.7      17.7      23.2      18.3      
0036619448     Senehos, Frano                16.1      2.0       5.6       19.7      12.2      1.9       10.3      3.3       15.5      18.0      
0036621568     Peric, Dragoslav              8.4       15.7      9.9       21.6      13.7      4.1       12.0      22.4      17.5      12.5      
0036626084     Radisavljevic, Hrvoje         5.8       22.6      15.6      20.3      2.8       8.6       13.1      18.8      16.2      14.6      
0036633779     Pusic, Marija                 4.6       19.5      7.1       17.0      12.2      4.4       1.8       21.8      18.6      2.2       
0036635833     Snur, Marko                   9.3       4.7       19.0      19.8      0.1       9.1       16.8      1.5       4.1       16.5      
0036635970     Tutek, Nikola                 23.2      7.0       17.2      13.6      23.1      12.9      7.7       2.4       17.6      0.3       
0036639131     Nuic, Nikolina                10.7      7.4       22.1      12.2      10.3      22.8      20.0      4.3       5.2       20.5      
0036641430     Misic, Izabela                17.7      20.5      21.8      19.9      22.0      15.5      9.6       9.0       22.8      14.5      
0036642213     Krznaric, Pero                20.7      8.0       22.3      4.1       10.6      10.8      2.9       14.3      9.3       21.8      
0036643685     Keric, Ivica                  22.8      18.5      3.7       22.3      6.6       20.8      10.0      10.3      16.9      23.2      
0036654651     Senehos, Sanja                2.0       6.9       9.1       6.4       14.1      5.5       16.4      1.3       0.5       21.6      
0036656839     Keric, Ivan                   10.3      18.2      16.3      4.4       1.4       4.9       6.8       12.2      21.7      8.7       
0036656932     Epiric, Ivica                 1.1       19.0      11.5      16.9      2.5       4.8       4.4       20.4      18.3      22.6      
0036659619     Epiric, Ana                   21.5      5.5       2.0       14.0      3.1       21.8      14.1      0.8       15.3      14.3      
0036660938     Epiric, Izabela               22.9      7.6       3.8       11.2      3.9       22.5      16.6      14.1      2.2       20.1      
0036661338     Frajeric, Marijana            17.3      9.2       7.2       15.4      22.2      16.5      21.3      1.4       15.7      7.1       
0036664080     Misic, Hrvoje                 9.6       20.8      23.9      23.6      18.8      18.5      22.6      23.1      17.9      5.3       
0036665018     Vladislavljevic, Nikolina     9.5       6.9       1.6       9.8       5.9       7.2       19.2      18.8      9.2       17.4      
0036666266     Frajeric, Ivan                13.3      20.1      21.0      6.4       5.1       7.8       13.0      1.6       20.3      18.1      
0036676845     Skriptic, Nikolina            5.4       21.2      2.5       22.9      10.2      6.3       1.9       3.4       5.3       9.5       
0036679141     Nuic, Matija                  16.4      5.9       21.2      22.3      13.3      0.1       7.8       24.0      5.5       2.7       
0036681915     Misic, Nikola                 17.2      15.8      4.1       0.1       16.7      21.9      8.1       2.9       23.4      15.1      
0036682655     Tutek, Stanija                4.7       16.3      11.0      6.7       18.8      0.5       16.4      15.4      12.3      3.7       
0036682944     Pusic, Senka                  6.6       14.2      0.6       13.5      17.2      15.2      19.5      5.2       2.1       7.3       
0036684773     Zezek, Nikola                 5.0       14.1      9.9       2.5       0.9       14.9      22.7      22.0      13.3      9.5       
0036685447     Isafek, Ana                   12.8      18.3      17.1      15.4      2.5       12.6      17.6      13.8      5.5       15.9      
0036688314     Skriptic, Pero                9.8       14.0      14.6      8.0       3.8       6.7       22.5      12.0      3.6       7.8       
0036691604     Peric, Ante                   2.3       0.4       12.5      12.1      8.9       11.4      20.9      16.6      2.8       2.2       
0036692710     Pusic, Senka                  9.2       19.1      14.7      18.1      11.9      19.9      21.1      6.9       23.7      14.3      
0036696203     Ivic, Anastasija              1.9       3.1       20.7      12.7      20.4      11.8      10.1      4.5       5.3       1.9       
0036698406     Pusic, Sanja                  3.8       7.2       5.6       11.9      17.1      8.7       3.2       17.8      16.3      5.0       
0036699017     Keric, Pero                   13.5      8.7       16.9      20.6      3.5       8.8       6.8       7.0       12.7      6.9       
0036704402     Krznaric, Marin               7.8       17.3      14.4      13.1      8.5       12.3      12.1      8.5       18.0      4.1       
0036704667     Domazet, Stanija              15.7      18.2      6.4       23.9      2.2       21.2      2.9       23.6      14.3      8.3       
0036706366     Veneric, Marin                20.5      4.6       19.7      8.8       23.5      7.4       6.9       4.6       18.9      12.8      
0036709035     Nuic, Pero                    17.5      5.3       4.2       0.1       22.0      22.8      17.8      17.3      13.7      18.9      
0036709827     Tutek, Dragoslav              5.9       4.2       23.5      11.4      18.0      5.9       12.5      7.2       1.1       9.5       
0036714068     Isafek, Nikolina              22.3      6.0       7.5       14.8      0.4       15.6      1.5       17.9      0.3       17.7      
0036716287     Ivic, Izet                    7.2       8.5       10.2      16.9      4.2       13.7      6.0       12.8      17.1      3.9       
0036717266     Pusic, Ana                    17.5      12.8      14.4      0.6       0.0       23.2      6.0       10.2      17.9      2.6       
0036718806     Pusic, Marija                 10.3      1.1       5.0       11.7      14.4      9.9       0.1       6.9       7.8       4.6       
0036719859     Selenic, Anastasija           5.7       14.3      7.8       9.7       20.1      5.2       3.9       17.6      2.4       4.4       
0036720610     Nuic, Ivica                   22.2      0.1       21.2      3.4       15.7      9.2       8.4       8.5       22.1      7.5       
0036727924     Selenic, Senka                20.2      12.3      19.4      13.4      5.5       11.1      15.4      2.0       1.4       19.0      
0036728729     Senehos, Hrvoje               21.7      10.2      3.4       17.6      5.6       18.5      15.2      1.2       21.7      22.2      
0036729857     Icinic, Hrvoje                4.9       16.9      13.4      15.0      4.5       16.8      7.6       22.7      12.7      5.1       
0036730082     Peric, Marijana               23.6      5.5       11.2      16.5      15.4      12.1      4.6       18.5      14.9      10.8      
0036732317     Nuic, Hrvoje                  14.8      3.7       20.4      19.7      8.1       5.4       19.8      20.5      18.1      15.7      
0036738701     Ivic, Cecilija                13.7      5.6       14.8      10.0      13.9      5.9       5.8       2.7       2.7       19.1      
0036739052     Peric, Senka                  21.1      19.7      12.4      23.6      19.5      20.8      0.5       12.4      4.0       12.2      
0036741821     Wojtek, Stanija               14.3      22.7      22.3      5.7       20.2      8.8       9.3       19.4      19.6      4.8       
0036743477     Snajder, Nikolina             20.9      3.2       10.9      6.2       20.7      14.7      1.7       7.5       22.4      4.7       
0036745355     Selenic, Izabela              8.2       21.0      12.1      14.8      19.3      1.8       9.4       3.9       21.3      18.5      
0036750074     Domazet, Anamarija            18.4      22.2      18.6      13.7      22.9      3.3       23.0      20.8      9.8       2.4       
0036750405     Peric, Marin                  16.0      8.7       18.0      3.3       4.3       21.3      14.4      13.5      1.7       3.7       
0036751499     Misic, Stanija                16.0      12.0      13.3      11.2      16.8      16.5      11.0      23.8      10.0      4.6       
0036751759     Ivic, Senka                   16.9      12.8      18.9      20.6      3.5       18.1      0.9       9.9       9.5       11.1      
0036756979     Frajeric, Nikola              4.5       6.8       3.4       1.2       15.5      8.4       6.9       15.6      14.0      8.9       
0036762035     Icinic, Matija                9.4       6.1       13.8      21.8      12.9      16.3      21.9      12.4      8.7       24.0      
0036763362     Senehos, Ante                 14.5      21.8      8.7       8.0       3.1       12.6      12.6      9.9       20.6      8.6       
0036765561     Zezek, Pero                   1.2       8.7       9.6       9.0       22.6      12.3      10.1      19.0      11.3      11.0      
0036765989     Veneric, Anastasija           0.5       11.5      7.9       1.5       22.6      12.5      12.3      18.5      4.7       19.1      
0036767067     Frajeric, Ivica               13.3      11.4      4.4       8.2       15.1      19.5      9.0       22.0      21.3      15.0      
0036769095     Radisavljevic, Frano          19.4      17.3      22.1      16.4      17.7      1.1       13.9      0.4       3.6       22.5      
0036778837     Pusic, Frano                  0.8       12.8      19.0      11.7      16.9      6.7       6.5       2.9       15.6      21.0      
0036783618     Keric, Sanja                  16.4      14.1      10.1      5.2       2.8       14.6      19.4      9.1       3.5       0.2       
0036784443     Skriptic, Nikolina            14.0      18.1      15.8      1.1       13.7      22.4      20.8      11.7      18.9      20.2      
0036784921     Skriptic, Nikolina            8.0       2.1       5.3       19.8      13.5      18.3      21.1      11.3      22.4      5.5       
0036785350     Nuic, Sanja                   0.7       2.3       19.9      23.7      0.4       6.4       22.6      23.8      4.5       4.8       
0036789715     Snajder, Pero                 19.5      19.1      20.9      10.9      3.9       1.5       10.6      13.2      18.0      23.3      
0036791462     Vladislavljevic, Nikola       23.7      21.5      14.2      12.4      9.5       21.0      6.6       12.9      15.2      22.4      
0036791892     Snajder, Cecilija             11.6      15.0      12.8      2.9       15.4      16.0      17.1      4.8       9.5       19.5      
0036800544     Peric, Stanija                8.7       15.0      8.1       10.5      18.4      8.6       2.5       19.9      1.6       1.5       
0036802340     Snur, Matija                  9.8       7.1       4.2       9.3       8.2       13.6      9.7       23.7      15.2      8.9       
0036804739     Ibrahimovic, Pero             15.1      6.7       21.0      5.1       16.8      7.2       17.1      17.2      16.3      10.0      
0036804955     Ibrahimovic, Sanja            20.3      6.6       22.3      8.0       2.1       22.5      8.7       0.8       8.0       2.6       
0036805347     Selenic, Nikolina             2.1       3.7       0.8       11.4      8.8       23.0      11.9      21.3      19.2      9.2       
0036805431     Skriptic, Jan                 11.4      5.8       17.2      7.6       10.5      11.8      23.6      11.3      24.1      12.1      
0036805649     Nuic, Frano                   13.4      16.7      14.1      17.6      9.4       1.0       20.0      9.6       18.9      9.3       
0036810114     Krznaric, Anamarija           5.0       13.1      23.1      18.2      6.0       6.1       9.0       1.9       23.7      6.3       
0036813935     Nuic, Matija                  14.1      15.8      3.6       19.1      21.8      5.7       4.8       21.2      8.2       16.3      
0036814917     Pusic, Izet                   19.7      22.8      20.2      23.1      8.0       11.5      19.0      6.2       7.6       2.2       
0036819402     Snajder, Ivan                 8.7       12.4      6.8       9.3       12.2      18.7      6.2       17.6      8.1       20.5      
0036820774     Pusic, Ivan                   1.7       7.1       23.9      7.2       20.3      20.3      14.4      1.2       19.7      17.1      
0036828860     Tutek, Cecilija               5.9       19.9      14.3      6.2       5.5       5.6       23.2      22.8      14.7      15.5      
0036836801     Krznaric, Ivica               23.8      17.4      21.1      0.2       22.2      22.4      21.0      13.8      3.5       17.2      
0036838806     Radisavljevic, Matija         0.3       13.9      23.2      7.5       20.7      21.4      16.3      3.9       16.2      1.0       
0036839693     Veneric, Matija               10.4      20.5      18.0      7.5       15.8      12.5      15.0      5.8       5.0       9.3       
0036840759     Icinic, Marko                 0.9       5.1       14.9      1.2       12.1      18.6      8.6       12.8      4.9       18.0      
0036841018     Frajeric, Marko               2.3       12.9      8.2       6.5       1.9       22.5      22.7      9.9       10.8      7.9       
0036841268     Misic, Ante                   5.8       2.8       17.2      11.1      1.3       3.6       3.6       1.6       7.5       19.4      
0036841615     Skriptic, Nikolija            21.7      14.9      9.5       14.7      10.6      22.2      12.8      14.6      21.9      4.1       
0036847706     Keric, Sanja                  13.3      3.9       21.7      13.5      11.1      7.7       2.0       20.0      21.1      3.7       
0036849533     Frajeric, Cecilija            23.9      2.3       4.2       17.5      20.5      0.3       14.5      22.0      6.7       1.5       
0036850374     Epiric, Jan                   0.9       6.2       18.1      12.8      19.4      0.5       16.9      1.5       3.9       0.4       
0036853555     Misic, Anastasija             4.4       11.4      14.5      20.7      19.0      18.9      21.7      11.7      3.4       5.1       
0036853844     Zezek, Ivan                   5.0       2.0       9.8       8.1       15.2      17.3      4.6       2.3       10.2      13.1      
0036855248     Ivic, Frano                   14.7      7.6       23.3      10.8      2.0       10.2      18.7      10.2      13.8      0.6       
0036855451     Keric, Dragoslav              23.3      9.8       17.4      2.3       12.2      14.5      7.2       5.3       18.7      3.6       
0036855522     Keric, Marko                  14.9      23.1      3.1       15.8      2.1       3.3       17.7      4.2       7.5       11.3      
0036856120     Snajder, Stanija              10.0      17.4      5.9       10.1      4.8       12.6      12.3      18.8      23.6      18.4      
0036856708     Frajeric, Ivica               10.6      19.0      9.5       23.8      3.8       2.6       23.1      21.4      1.0       11.8      
0036857416     Wojtek, Nikolija              11.8      8.5       12.6      18.3      23.4      6.9       16.8      11.6      4.2       5.9       
0036857434     Peric, Ivan                   16.0      14.9      14.1      23.2      2.3       4.0       12.0      16.7      23.2      23.1      
0036858548     Icinic, Hrvoje                11.3      15.5      19.1      4.5       8.5       21.6      11.2      12.4      12.8      20.6      
0036858801     Vladislavljevic, Matija       18.9      11.9      14.2      11.7      22.8      0.5       8.3       16.9      2.1       14.3      
0036873706     Snur, Frano                   3.8       17.5      6.8       18.4      17.5      20.9      3.4       11.0      2.3       12.2      
0036876710     Selenic, Izet                 3.4       6.3       13.6      17.5      13.4      22.3      6.5       17.0      7.4       2.9       
0036878881     Senehos, Jan                  9.1       14.1      22.7      9.6       23.6      19.4      7.2       14.2      22.0      22.9      
0036883574     Tutek, Ante                   11.9      18.1      4.8       9.8       19.1      19.3      16.1      8.2       16.1      11.0      
0036886818     Skriptic, Izabela             17.8      7.1       20.3      6.0       4.1       20.4      20.8      15.7      20.1      13.8      
0036889742     Pusic, Nikola                 10.7      14.0      6.9       11.1      5.0       12.3      14.8      13.5      8.0       4.7       
0036890465     Pusic, Matija                 22.7      4.2       1.9       9.4       1.6       7.7       2.6       11.1      17.2      8.9       
0036893918     Pusic, Nikolina               15.1      21.3      8.0       20.7      12.6      20.3      2.9       23.3      2.7       4.7       
0036900460     Frajeric, Ivica               11.6      20.5      12.0      7.1       18.5      5.8       7.5       1.2       7.4       13.0      
0036904531     Wojtek, Frano                 14.7      10.2      7.2       9.3       9.5       18.4      20.9      10.7      3.8       4.0       
0036904712     Ibrahimovic, Ana              7.5       7.6       13.7      5.9       17.9      19.2      5.5       19.5      1.0       10.4      
0036908704     Senehos, Matija               8.5       20.9      2.8       20.4      4.2       15.5      7.4       10.8      6.7       1.1       
0036911351     Wojtek, Marija                6.8       18.6      16.3      14.6      0.9       1.0       15.0      18.9      22.4      1.3       
0036918647     Pusic, Izabela                6.8       12.5      7.9       15.2      23.3      14.1      18.3      1.2       12.4      4.5       
0036918666     Snur, Cecilija                17.8      4.2       18.2      9.0       14.1      2.3       19.0      23.6      3.6       5.4       
0036920960     Zezek, Senka                  7.8       15.2      3.3       23.8      9.7       1.4       22.7      20.0      14.5      9.1       
0036923408     Selenic, Frano                14.1      9.6       0.3       12.5      2.3       14.0      1.0       12.5      19.9      7.0       
0036925085     Peric, Nikolija               1.7       21.1      19.3      2.6       2.7       7.5       0.8       19.7      21.0      13.8      
0036932328     Pusic, Anastasija             0.8       8.2       7.0       19.1      6.9       17.4      20.1      12.7      17.9      23.7      
0036933810     Keric, Ivica                  9.3       18.8      21.0      11.6      15.0      8.6       18.0      17.6      12.8      6.1       
0036934089     Krznaric, Izet                3.6       11.2      3.0       13.1      17.3      14.5      8.4       5.6       11.8      8.0       
0036934125     Ibrahimovic, Jan              4.6       9.7       23.6      1.9       10.4      5.0       10.6      10.1      8.0       10.9      
0036935661     Misic, Jan                    12.2      16.9      1.7       21.5      21.8      2.5       20.1      22.3      12.9      17.5      
0036936552     Snur, Marija                  9.0       21.7      12.3      2.4       18.9      19.3      23.2      12.3      0.7       0.5       
0036947241     Radisavljevic, Nikolina       10.4      21.7      22.9      0.5       5.9       14.6      5.7       16.2      14.2      0.2       
0036947807     Veneric, Pero                 7.2       18.7      7.8       13.8      6.9       14.9      16.3      15.3      9.1       15.3      
0036952822     Krznaric, Jan                 14.0      9.0       13.0      15.3      17.0      0.3       15.3      23.9      21.9      14.8      
0036962898     Wojtek, Anamarija             8.6       1.4       18.4      13.1      20.8      14.5      15.0      18.0      16.1      15.2      
0036964681     Vladislavljevic, Matija       20.5      9.9       14.2      1.5       2.9       23.0      18.9      18.4      2.3       1.0       
0036967348     Pusic, Ivica                  7.8       1.1       22.4      16.7      12.6      14.0      2.1       3.4       22.3      6.8       
0036974876     Epiric, Marko                 22.9      21.4      16.8      2.9       1.0       21.7      3.2       3.1       11.4      17.7      
0036976287     Icinic, Ivan                  15.2      22.0      16.3      18.4      17.7      10.8      10.8      23.5      3.6       6.7       
0036978596     Epiric, Nikola                15.6      8.5       11.9      13.4      10.5      0.2       7.9       2.3       15.7      1.5       
0036980889     Tutek, Marijana               2.6       8.0       17.2      19.6      17.3      14.9      7.0       21.6      14.6      16.8      
0036983399     Ibrahimovic, Anastasija       6.2       18.4      8.7       0.2       17.0      14.9      3.1       4.2       17.4      16.4      
0036986191     Keric, Dragoslav              23.7      23.4      20.7      0.3       11.4      7.8       12.2      16.7      11.9      6.7       
0036986517     Skriptic, Hrvoje              10.0      17.7      7.9       21.0      1.4       21.8      11.5      9.7       19.9      19.9      
0036988308     Isafek, Izet                  6.9       14.2      4.4       13.6      19.2      13.7      11.0      14.5      11.0      13.1      
0036988406     Ivic, Izabela                 13.6      15.3      22.2      17.8      2.6       16.6      3.9       2.7       20.7      7.0       
0036988983     Pusic, Nikolina               12.1      8.2       13.6      5.8       2.3       23.0      6.8       3.3       7.0       21.2      
0036991561     Ivic, Sanja                   3.9       7.0       7.3       10.4      19.1      19.2      8.2       22.6      15.6      8.3       
0036992767     Peric, Jan                    8.7       9.6       4.8       9.6       23.8      18.4      9.7       5.1       6.1       17.0      
0036993677     Icinic, Marija                17.1      4.5       2.3       24.0      4.6       16.1      14.5      0.8       16.0      15.2      
0036999764     Misic, Sanja                  16.0      24.1      5.6       19.6      18.9      8.1       9.7       16.3      2.6       8.8       
