0036895174 18.1
0036493878 16.9
0036304175 14.5
0036529821 1.9
0036052348 4.6
0036463193 21.3
0036272921 14.9
0036966196 16.3
0036236443 7.9
0036853073 14.6
0036578199 20.6
0036398891 14.3
0036849751 22.8
0036796196 1.8
0036729624 11.3
0036328512 16.3
0036532178 12.1
0036292111 20.1
0036465579 21.4
0036433795 1.0
0036069013 3.2
0036490600 18.2
0036939257 14.7
0036617629 17.0
0036721382 6.2
0036852352 7.4
0036205574 0.0
0036441989 0.6
0036716781 6.6
0036490484 4.9
0036739697 6.1
0036179367 14.5
0036921409 10.4
0036245199 1.6
0036567164 1.9
0036432828 4.5
0036532715 21.9
0036981839 3.8
0036212629 6.9
0036074630 13.1
0036725756 21.2
0036161122 2.1
0036231890 12.1
0036021634 12.5
0036789020 17.3
0036541716 13.0
0036216214 12.2
0036728822 11.8
0036178046 2.9
0036331378 2.8
0036717208 10.7
0036135884 6.3
0036587857 17.2
0036106998 18.0
0036760802 19.9
0036960960 19.5
0036517390 7.5
0036000242 6.6
0036100295 23.8
0036249782 12.7
0036635533 11.3
0036968138 18.8
0036593963 18.3
0036705668 17.6
0036285335 16.1
0036695984 10.8
0036444373 9.2
