0036142314 2.8
0036539681 10.9
0036096945 23.9
0036935253 5.3
0036205574 10.2
0036742782 5.4
0036985227 5.7
0036547455 17.8
0036305377 13.5
0036131811 20.4
0036852455 14.1
0036068565 13.2
0036543423 14.8
0036283476 22.8
0036351075 16.9
0036491594 8.9
0036363066 10.1
0036488932 2.8
0036321450 22.3
0036249782 14.8
0036475122 15.0
0036649539 3.4
0036174971 2.9
0036446507 21.2
0036891486 17.3
0036369414 2.1
0036427783 10.1
0036057016 5.9
0036387634 15.4
0036190577 22.5
0036761536 19.3
0036447723 13.6
0036694017 6.0
0036025374 13.4
0036717778 21.3
0036101956 17.9
0036979963 15.7
0036980224 18.2
0036510725 13.8
0036883230 22.4
0036100295 8.5
0036118545 0.8
0036828556 15.7
0036887451 3.1
0036166702 17.0
0036225241 22.8
0036035172 16.3
0036214959 2.6
0036432349 5.4
0036717208 17.4
0036376088 7.2
0036756171 10.4
0036635533 19.3
0036059134 12.0
0036935021 13.2
0036706872 4.4
0036602935 7.4
0036010155 3.3
0036021634 22.0
0036069013 22.7
0036000324 3.7
0036967139 9.4
0036271420 10.5
0036773790 16.7
0036964235 18.4
0036024879 19.9
0036987587 19.1
0036656668 7.6
0036231702 5.4
0036623298 0.4
0036205885 1.0
0036292111 10.3
0036171703 18.1
0036183851 8.1
0036852774 11.4
0036294454 21.0
0036938357 17.9
0036660426 10.7
0036763626 4.4
0036929712 19.9
