0036263559 2.1
0036995968 0.6
0036939257 3.8
0036467212 23.0
0036545109 8.4
0036849751 0.8
0036742782 14.1
0036178721 7.9
0036065971 1.3
0036628223 17.6
0036190577 7.8
0036431635 7.3
0036876165 12.0
0036288439 22.1
0036304175 22.0
0036686472 21.5
0036051904 9.6
0036063984 3.3
0036308071 2.4
0036487074 1.8
0036686180 5.3
0036305377 18.5
0036763231 0.8
0036162360 14.5
0036981839 9.7
0036935021 18.8
0036942619 21.9
0036964235 7.2
0036781482 3.6
0036742787 5.7
0036236443 3.2
0036220105 21.7
0036967139 22.8
0036318764 2.0
0036245199 22.1
0036763626 15.1
0036883230 4.8
0036000242 20.9
0036502754 8.1
0036223734 16.4
0036256208 10.6
0036362843 17.6
0036174971 11.5
0036756171 23.6
0036587857 0.2
0036739697 7.0
0036971710 23.1
0036464022 3.4
0036705668 13.9
0036849080 22.2
0036011305 6.5
0036979963 18.5
0036052348 16.2
0036891669 12.2
0036212629 6.8
0036650743 22.2
0036097997 22.3
0036716781 13.4
0036175316 4.3
0036184720 24.0
0036215313 6.9
0036231890 7.4
0036336753 6.5
0036472476 23.7
0036177293 18.1
0036619539 16.2
0036087566 13.1
0036249782 3.1
0036532715 6.3
0036493878 22.3
0036215455 13.3
0036953603 17.8
0036641563 15.5
0036325393 2.8
0036593963 21.7
0036554407 5.9
0036328512 12.4
