0036545109 5.7
0036717778 23.9
0036619539 4.8
0036034333 7.1
0036466903 4.6
0036483258 5.6
0036568092 8.2
0036529821 1.1
0036024069 17.8
0036505136 20.2
0036686472 2.2
0036981839 22.7
0036835698 22.9
0036849751 13.3
0036532178 20.7
0036305377 10.9
0036858565 2.2
0036796196 3.9
0036182585 16.1
0036301959 15.8
0036131811 5.8
0036512729 4.3
0036215313 22.4
0036188979 12.6
0036868731 18.6
0036179367 3.9
0036952710 8.6
0036015763 19.4
0036444373 1.8
0036887451 10.5
0036991085 21.3
0036419869 13.7
0036472213 10.4
0036490600 21.6
0036003701 5.1
0036863240 7.2
0036554407 3.4
0036891486 1.4
0036223734 5.0
0036042151 14.4
0036118545 11.0
0036588904 3.0
0036138230 0.1
0036891669 7.6
0036959023 22.4
0036517390 4.5
0036554333 4.5
0036641563 12.1
0036632817 5.1
0036458547 0.5
0036777613 13.5
0036660426 13.5
0036909342 18.6
0036135884 16.1
0036333030 8.5
0036069013 10.8
0036852774 11.8
0036677693 22.8
0036853210 6.2
0036446507 18.5
0036177293 13.7
0036995974 23.4
0036650743 16.1
0036770143 1.7
0036821492 15.3
0036236443 15.0
0036868923 16.0
0036031042 8.2
0036868553 7.8
0036447723 8.1
0036621902 16.1
0036399791 5.1
0036717208 2.1
0036312466 20.5
0036543423 11.6
0036052348 8.3
