0036000324 13.1
0036308071 18.0
0036760802 13.6
0036566906 23.4
0036506758 7.0
0036086364 12.1
0036835698 23.4
0036499058 20.9
0036852896 8.5
0036588904 17.3
0036011305 5.2
0036655184 17.3
0036630357 8.8
0036987587 7.3
0036543423 7.2
0036493878 8.9
0036104590 18.0
0036958906 7.1
0036216214 18.2
0036188979 4.6
0036554333 15.8
0036849597 22.5
0036765689 16.3
0036849751 17.5
0036235501 8.2
0036696953 10.7
0036567588 22.3
0036057016 7.9
0036447723 8.8
0036266511 19.9
0036184720 7.5
0036363066 16.3
0036000242 23.4
0036915027 7.9
0036628223 9.9
0036419869 5.5
0036135433 9.7
0036271420 17.7
0036858565 16.5
0036499355 16.6
0036312466 11.4
0036390343 17.3
0036716781 3.9
0036677693 3.7
0036950683 18.3
0036010155 15.6
0036431635 5.1
0036245199 9.1
0036065971 4.3
0036075101 17.3
0036288439 12.8
0036944776 4.9
0036231702 7.0
0036481260 5.2
0036950755 17.5
0036502754 23.1
0036024879 17.2
0036399903 13.1
0036372925 11.8
0036782218 21.7
0036069013 11.7
0036662883 3.7
0036102736 10.6
0036728822 12.6
0036427783 3.4
0036966196 5.5
0036962392 4.8
0036863240 19.3
0036011905 14.7
0036798775 11.2
0036956650 5.2
0036335258 6.0
0036697549 5.2
0036532178 18.3
0036475122 22.9
0036207476 11.5
0036059181 13.5
0036178046 8.5
0036526653 20.7
0036467201 10.7
0036868236 5.0
0036223216 23.5
0036236443 5.3
0036835022 8.7
0036484280 9.1
0036249782 3.6
0036959023 5.1
