0036376088 20.2
0036833257 10.9
0036413738 7.1
0036085085 3.9
0036621902 22.0
0036312466 6.8
0036075258 15.2
0036554407 14.8
0036188979 0.1
0036441205 11.9
0036383637 5.3
0036051904 16.5
0036909342 4.5
0036015791 16.1
0036641563 9.9
0036739697 19.2
0036236443 4.4
0036880700 13.5
0036465579 20.9
0036897428 20.7
0036399903 0.0
0036835698 12.3
0036527647 17.8
0036593963 4.5
0036720148 12.2
0036205574 23.1
0036158121 17.1
0036852455 18.9
0036700603 17.7
0036789873 15.2
0036942619 8.2
0036960169 6.5
0036995974 3.6
0036934067 3.2
0036581773 23.2
0036294454 15.7
0036964235 5.2
0036135884 23.1
0036923779 16.4
0036318764 2.1
0036763231 2.6
0036284693 1.3
0036617051 23.2
0036852774 8.2
0036499058 23.7
0036263559 1.5
0036034333 20.5
0036931995 4.8
0036304875 18.5
0036304175 16.1
0036415904 15.2
0036611648 8.3
0036852896 14.6
0036046628 16.9
0036361525 11.3
0036398512 18.8
0036441989 14.5
0036482534 12.9
0036526653 12.8
0036950683 23.4
0036360218 17.1
0036106998 0.4
0036328512 16.8
0036935253 6.5
0036977378 23.6
0036448551 15.3
0036696953 18.9
0036208233 16.5
0036358295 5.1
0036183138 23.8
0036506758 15.3
0036601056 6.4
0036207476 7.3
0036505013 0.7
0036087566 13.1
0036380268 13.3
0036369414 13.2
0036195720 5.3
0036578199 16.2
0036000242 2.1
0036796196 5.5
0036541716 22.2
