0036238923 20.7
0036215455 8.1
0036858565 17.7
0036980224 13.3
0036369414 11.6
0036587857 21.1
0036380268 16.3
0036178046 5.0
0036052348 7.3
0036032263 7.9
0036171703 0.6
0036073830 8.7
0036046057 16.2
0036325393 7.6
0036294454 21.5
0036628223 21.1
0036182064 8.3
0036463193 15.5
0036939257 9.0
0036024069 8.3
0036482534 7.0
0036441989 3.2
0036138230 19.3
0036649539 18.1
0036635533 2.3
0036935021 20.0
0036705668 20.4
0036934795 4.3
0036235501 8.3
0036174971 10.9
0036086875 15.6
0036857966 10.7
0036245199 15.2
0036287035 15.7
0036488932 0.5
0036697549 2.2
0036724871 4.1
0036125925 3.8
0036379518 0.8
0036859199 1.9
0036853073 10.8
0036716781 13.7
0036034333 6.9
0036015791 10.9
0036730195 22.2
0036087566 5.6
0036046628 11.2
0036433795 8.1
0036304875 17.6
0036923779 13.7
0036188979 13.9
0036706872 15.1
0036660426 18.6
0036351075 3.6
0036777613 21.0
0036015763 22.5
0036506758 2.6
0036459351 2.7
0036959023 3.6
0036505136 5.7
0036031042 13.7
0036021634 2.8
0036868236 17.6
0036656089 8.5
0036830890 11.5
0036057016 21.9
0036695452 5.0
0036451202 14.1
0036216214 21.8
0036362843 23.9
0036626388 15.0
0036042151 11.7
0036995974 17.3
0036980524 9.4
0036360218 10.5
0036532715 0.4
0036554407 0.7
0036960960 14.6
0036611648 9.7
0036902188 3.6
