0036779972 0.9
0036057016 6.7
0036706872 10.4
0036208233 22.0
0036796196 6.7
0036388014 23.9
0036333030 10.7
0036287035 9.1
0036021865 4.1
0036939257 24.1
0036891669 23.8
0036188979 14.1
0036868731 2.8
0036490484 7.8
0036007181 15.2
0036419869 2.8
0036220105 21.0
0036672603 15.2
0036991085 11.4
0036383637 4.2
0036828556 16.0
0036591158 14.5
0036046603 14.2
0036225241 18.1
0036444373 8.6
0036325393 3.7
0036451202 24.1
0036184720 0.6
0036728822 3.8
0036852352 12.0
0036068565 24.1
0036134647 1.3
0036362843 8.4
0036035172 17.6
0036649539 1.5
0036446507 1.7
0036733521 9.5
0036742787 18.8
0036284693 21.5
0036063984 13.3
0036487074 5.0
0036238923 16.9
0036031042 12.4
0036118545 9.3
0036686263 5.1
0036934795 0.0
0036493878 8.5
0036617629 9.7
0036843118 2.1
0036593963 11.5
0036947144 4.6
0036202354 20.1
0036215313 19.9
0036968138 1.4
0036266511 10.2
0036782218 15.7
0036720148 17.6
0036304175 3.4
0036909397 5.9
0036742926 12.3
0036445738 19.1
0036336753 16.4
0036119921 24.0
0036902188 4.1
0036835022 8.2
0036379903 19.4
0036179367 15.9
0036849751 0.4
0036158121 3.1
0036199138 9.9
0036331378 14.4
0036138230 10.9
0036887451 15.7
0036292111 15.1
0036427783 21.2
