0036891486 13.5
0036694017 21.1
0036539681 20.8
0036484280 10.9
0036692738 23.8
0036034333 13.8
0036506758 23.0
0036962392 22.4
0036312466 21.2
0036431635 11.4
0036063984 20.0
0036223734 0.1
0036119921 9.9
0036547455 17.1
0036677693 14.1
0036934473 11.6
0036374110 18.7
0036417974 0.9
0036660426 11.7
0036883230 11.1
0036481260 7.3
0036730195 6.7
0036052421 17.4
0036467212 2.8
0036781482 18.3
0036522612 23.5
0036134647 8.0
0036363066 10.1
0036441753 2.7
0036138230 23.7
0036266511 17.3
0036069013 0.7
0036415904 10.2
0036733521 21.8
0036956650 8.3
0036487074 18.8
0036934067 8.6
0036059134 5.9
0036166702 1.6
0036266428 7.4
0036635533 5.0
0036756171 22.0
0036217536 16.6
0036142314 16.8
0036202354 7.7
0036046628 2.0
0036483258 7.5
0036721382 10.9
0036003701 4.9
0036473710 9.1
0036475122 22.8
0036499355 4.8
0036502754 20.9
0036212629 4.3
0036015013 16.0
0036593963 12.9
0036301959 19.9
0036852352 1.1
0036868923 9.4
0036336753 21.2
0036763626 22.1
0036383637 16.6
0036122344 17.2
0036915027 16.1
0036696953 10.2
0036833257 5.6
0036922641 10.1
0036010155 5.0
0036208233 3.5
0036942619 11.1
0036595790 1.3
0036706872 2.0
0036175316 15.5
0036292111 15.6
0036765689 18.8
0036207476 20.4
0036499988 17.1
0036617051 8.2
0036991324 8.3
0036587857 22.6
0036980224 17.9
0036539757 1.2
0036557377 12.9
0036379518 21.5
0036828556 20.6
0036953603 17.4
0036859199 21.7
0036821492 23.5
0036849080 20.4
0036182585 6.5
0036611648 8.5
0036215455 11.2
0036857966 23.6
0036686263 15.8
0036463193 0.8
0036534740 0.3
0036419869 19.1
0036739697 17.7
0036446507 23.4
0036891669 16.3
0036950683 10.7
0036390343 19.8
0036649539 19.7
0036052348 1.9
0036796196 20.0
0036958906 13.7
0036852774 17.5
0036695452 16.3
0036360218 9.6
0036545109 1.5
0036849751 2.5
0036074630 3.8
0036238923 11.5
0036321450 9.6
0036880700 4.3
0036532715 14.7
0036304175 14.4
0036568092 8.1
0036432828 5.0
0036096945 23.8
