0036960960 6.4
0036595790 17.5
0036923779 24.1
0036557377 17.0
0036696953 7.9
0036459351 2.0
0036789020 18.3
0036444373 20.6
0036302943 8.7
0036374110 7.6
0036467201 9.3
0036267383 12.4
0036602935 0.4
0036415904 9.1
0036301959 3.6
0036896083 17.1
0036539757 6.1
0036593963 3.1
0036360218 20.0
0036394663 21.0
0036398891 2.0
0036635533 5.3
0036223734 3.7
0036942619 4.2
0036535731 8.0
0036358295 21.6
0036853073 14.5
0036137028 6.1
0036995974 10.1
0036729624 1.3
0036468590 11.6
0036720148 15.7
0036426273 20.9
0036650743 7.4
0036958906 3.9
0036700603 5.3
0036052421 0.6
0036733521 16.9
0036231702 2.6
0036387634 17.0
0036214959 9.5
0036868923 16.0
0036266428 11.3
0036073830 22.0
0036074630 6.2
0036988780 1.8
0036299146 2.9
0036000242 11.8
0036208405 17.9
0036202354 24.0
0036441205 16.7
0036852352 5.0
0036024069 20.6
0036672603 7.1
0036944776 17.8
0036539681 14.3
0036587857 0.4
0036042151 19.5
0036952710 3.5
0036849080 21.6
0036324980 6.1
0036118545 3.0
0036694017 10.8
0036134647 3.8
0036781482 11.7
0036135884 5.5
0036185304 19.1
0036162360 8.8
0036488932 1.7
0036960169 22.8
0036447723 8.4
0036225241 10.6
0036756171 4.9
0036000324 5.7
0036728822 1.9
0036179367 8.5
0036554407 24.0
0036887451 9.5
0036052348 7.8
0036793868 18.1
0036883230 22.2
0036868236 11.3
0036981839 14.2
0036119921 18.6
0036028963 0.8
0036287035 10.5
0036431635 6.5
0036859199 20.0
0036166702 3.0
0036481021 2.0
0036603315 4.6
0036835698 7.3
0036473710 6.1
0036789873 0.8
0036086875 18.7
0036100295 18.0
0036950683 5.4
0036517390 14.6
0036934067 17.4
0036007181 21.5
0036263559 0.2
0036706872 4.7
0036966196 2.7
0036686180 10.5
0036679951 1.2
0036318764 5.7
0036987587 11.4
0036369414 7.2
0036632817 22.2
0036096944 9.0
0036096945 1.9
