0036249782 0.1
0036068565 1.7
0036131811 3.5
0036135884 13.9
0036706872 7.1
0036245199 6.3
0036426273 1.6
0036331378 11.4
0036215313 20.7
0036635533 21.3
0036491594 13.0
0036923779 4.8
0036880700 22.2
0036950683 9.1
0036785319 22.9
0036482701 14.1
0036304175 7.9
0036896083 20.3
0036763626 12.1
0036374110 5.4
0036484280 3.1
0036641563 21.7
0036475122 16.0
0036835022 1.7
0036351075 2.5
0036011305 6.1
0036679951 19.8
0036966196 4.7
0036178721 3.7
0036539757 23.6
0036934067 10.5
0036623298 19.1
0036184720 2.0
0036488932 8.6
0036796196 13.2
0036594150 13.8
0036567588 4.9
0036087566 2.2
0036022006 14.6
0036379518 10.2
0036199138 22.7
0036617051 4.2
0036046057 13.4
0036302943 21.0
0036205574 19.5
0036225241 12.9
0036388014 23.9
0036915027 2.9
0036995974 9.2
0036473710 0.3
0036052421 6.8
0036722555 10.4
0036517390 3.0
0036398891 16.7
0036769169 12.3
0036046628 3.4
0036554407 23.7
0036694017 6.3
0036798775 3.2
0036256208 10.0
0036939257 21.4
0036506758 11.7
0036432349 3.9
0036000242 6.6
0036025374 4.7
0036649539 17.9
0036545109 14.8
0036007181 3.8
0036922641 1.2
0036534740 15.4
0036868236 6.2
0036052348 0.7
0036968138 2.4
0036717208 10.4
0036135433 18.1
0036632817 4.0
0036333030 1.8
0036991324 21.5
0036305377 3.6
0036995968 3.0
0036716781 1.9
0036458547 20.1
0036447723 21.2
