0036578199 22.7
0036944776 6.5
0036527647 10.8
0036070714 0.6
0036135782 14.4
0036692738 12.5
0036686472 8.7
0036611648 1.4
0036833257 4.8
0036991324 0.9
0036238923 6.6
0036208405 18.4
0036686180 9.1
0036119921 12.8
0036950683 9.5
0036182585 3.9
0036630357 16.1
0036376088 6.8
0036284693 4.0
0036441989 9.0
0036789873 17.2
0036549556 22.9
0036722555 8.7
0036924294 16.3
0036003701 17.5
0036705668 13.0
0036361525 9.0
0036502754 17.7
0036215313 3.7
0036532715 9.3
0036853073 18.0
0036261482 1.4
0036934067 15.0
0036210224 1.8
0036305377 16.2
0036175316 20.5
0036591158 12.6
0036742787 5.4
0036591090 21.7
0036554407 20.1
0036763231 1.6
0036653947 0.7
0036656089 18.0
0036046603 4.4
0036335258 4.2
0036923779 18.9
0036195720 22.5
0036236443 16.5
0036362843 8.1
0036601056 13.5
0036256293 16.8
0036073830 1.4
0036427783 14.0
0036473710 6.8
0036952710 14.4
0036161122 21.1
0036369414 16.1
0036075101 6.4
0036895174 3.0
0036617629 11.8
0036686263 10.3
0036351075 23.6
0036325393 3.2
0036287035 19.6
0036413738 15.6
0036696953 11.8
0036716781 10.6
0036968138 0.6
0036372925 13.7
0036394663 7.6
0036308071 4.5
0036967139 19.8
0036499058 14.0
