0036895174 18.8
0036205885 0.4
0036863240 10.8
0036070714 7.1
0036271420 8.6
0036923779 6.0
0036510725 12.5
0036499988 2.9
0036915027 22.6
0036059134 17.9
0036833257 2.2
0036988780 3.6
0036922641 23.7
0036042151 7.0
0036966196 20.8
0036567588 23.5
0036706872 2.7
0036852455 11.4
0036626388 18.4
0036321450 19.0
0036441205 16.7
0036096944 7.7
0036493878 4.0
0036481021 20.3
0036554333 17.6
0036426273 6.3
0036939257 15.3
0036662883 3.3
0036101956 11.9
0036567164 11.0
0036216401 0.8
0036065971 12.2
0036739697 15.9
0036482701 8.9
0036517390 19.2
0036650743 18.5
0036075258 2.2
0036934795 0.6
0036773790 19.4
0036742782 13.2
0036283476 7.4
0036733521 14.5
0036991085 13.9
0036427783 1.2
0036859199 21.3
0036046603 1.8
0036852896 23.1
0036789873 23.8
0036263559 23.9
0036959023 7.9
0036003701 8.1
0036068565 18.2
0036185195 14.1
0036245199 8.1
0036249782 2.3
0036390343 22.8
0036482534 3.5
0036581773 17.6
0036499058 3.7
0036171703 7.8
0036498042 20.5
0036100295 8.7
0036208233 15.6
0036419869 5.5
0036266428 8.8
0036104590 22.0
0036779972 1.2
0036369208 18.8
0036979963 18.4
0036256293 0.5
0036292111 5.6
0036505013 17.7
0036369414 17.9
0036742787 23.8
0036465579 14.8
0036208405 9.0
0036835022 4.5
0036995974 7.4
0036417974 0.1
0036981839 23.6
0036015763 6.2
0036445738 8.9
0036472213 5.0
0036398891 16.1
0036708071 18.9
0036135884 6.2
