0036935253 4.3
0036046628 15.3
0036686263 2.0
0036031042 22.0
0036852455 4.2
0036034333 20.1
0036522612 23.2
0036467212 14.8
0036849597 10.2
0036594150 20.0
0036692738 4.7
0036566772 21.7
0036960169 20.5
0036021865 20.8
0036363066 8.3
0036174971 19.6
0036506758 20.2
0036896083 9.0
0036995974 0.2
0036426273 18.2
0036372925 6.3
0036095398 6.4
0036915027 21.8
0036769169 16.6
0036549556 14.7
0036868731 18.3
0036720148 3.9
0036539757 5.1
0036763626 1.2
0036458547 19.6
0036964235 18.4
0036208233 10.5
0036578199 21.7
0036304875 23.6
0036695984 7.6
0036283476 12.4
0036195720 19.5
0036988780 12.5
0036868236 5.9
0036183851 23.4
0036756171 0.2
0036261482 16.2
0036010155 20.6
0036742787 4.7
0036101956 15.5
0036853073 8.3
0036085085 19.1
0036379903 1.1
0036557377 23.6
0036287035 17.2
0036444373 10.8
0036236443 18.4
0036488932 18.7
0036626388 4.0
0036798775 15.1
0036441989 23.9
0036617629 12.9
0036185195 23.8
0036271420 18.0
0036000324 4.9
0036028963 1.8
0036880700 17.3
0036042151 2.6
0036022006 14.4
0036025374 2.3
0036938357 18.0
0036929712 12.6
0036299146 7.3
0036433795 11.8
0036708071 23.5
0036853210 11.8
0036183138 18.5
0036722555 3.9
0036971710 18.3
0036118545 19.7
0036032263 6.2
0036328512 12.8
0036035172 21.5
0036380268 20.8
0036607582 21.6
0036416806 4.4
0036960960 9.8
0036103830 6.1
0036225241 4.5
0036361525 6.5
0036135884 22.5
