0036125925 12.1
0036853210 14.5
0036096944 14.7
0036763231 17.1
0036796196 9.8
0036535731 22.5
0036760802 9.2
0036733154 21.9
0036909397 1.2
0036987587 23.2
0036591090 16.3
0036063984 7.4
0036498042 17.3
0036068565 20.9
0036787709 3.2
0036958009 22.5
0036283476 22.6
0036895174 22.0
0036424798 19.9
0036059134 7.9
0036336753 5.7
0036938357 8.1
0036321450 20.4
0036051372 20.3
0036980086 21.2
0036086364 15.8
0036692738 5.7
0036935253 22.4
0036212629 6.5
0036849080 0.7
0036398891 2.4
0036183851 12.7
0036977378 5.0
0036379518 15.2
0036178721 14.1
0036369414 13.4
0036166702 4.0
0036656668 21.0
0036011905 17.0
0036467212 0.7
0036487074 2.8
0036944776 9.0
0036628223 12.7
0036539757 4.2
0036052421 14.3
0036953603 19.2
0036015791 17.6
0036985227 18.4
0036578199 14.5
0036891486 8.3
0036035172 0.1
0036934795 23.9
0036427783 16.3
0036135884 16.8
0036578140 16.3
0036441753 20.9
0036705668 22.7
0036399791 12.7
0036902188 16.1
0036488932 4.1
0036095398 11.1
0036677693 19.3
0036399903 21.5
0036554407 3.4
0036415904 16.7
0036388014 6.0
0036360218 6.0
0036828556 21.9
0036506758 8.9
0036653947 12.6
0036568092 11.7
0036138230 7.7
0036852352 10.2
0036883230 3.1
0036288439 16.4
0036070714 0.6
0036028963 20.8
0036374388 7.0
0036742787 13.9
0036630357 2.3
0036979963 8.6
0036451202 21.2
0036835698 4.5
0036956650 10.0
0036923779 13.7
