0036849597 1.6
0036415904 13.3
0036980086 15.6
0036677693 18.0
0036816785 11.2
0036716781 23.8
0036617629 15.8
0036069013 2.6
0036837814 7.2
0036830890 5.7
0036301959 17.2
0036179367 4.0
0036267383 17.1
0036863240 1.2
0036499355 15.7
0036161122 5.9
0036988780 7.7
0036739697 2.8
0036011305 8.7
0036215455 14.9
0036466966 6.9
0036789020 13.6
0036934473 9.4
0036966196 7.0
0036142314 0.0
0036539757 21.6
0036985227 0.4
0036947144 22.2
0036416806 21.8
0036960960 18.1
0036593963 10.2
0036483258 14.0
0036487074 9.4
0036959023 6.8
0036522612 12.6
0036481260 21.7
0036938357 23.1
0036441753 13.1
0036106998 3.7
0036174971 9.4
0036294454 3.0
0036336753 8.3
0036182585 10.8
0036594150 5.8
0036547455 2.3
0036231890 14.5
0036798775 9.0
0036183138 21.9
0036896083 0.4
0036660426 16.5
0036717778 9.6
0036482534 14.7
0036046628 7.6
0036052421 11.8
0036135884 4.8
0036843118 5.8
0036773790 1.8
0036980524 20.0
0036880700 16.2
0036931995 11.0
0036724871 15.0
0036653947 14.2
0036321450 8.5
0036236443 13.4
0036849751 11.4
0036526653 22.7
0036978499 17.2
0036335258 17.1
0036782218 17.0
0036708071 18.2
0036498042 3.7
0036694754 6.0
0036249782 15.4
0036915027 16.3
0036242993 4.2
0036256208 5.3
0036419869 4.9
0036087566 0.4
0036266428 6.9
0036217536 6.1
0036292111 17.0
