0036051372 13.1
0036977378 17.7
0036498042 15.9
0036835698 8.2
0036903781 4.2
0036876165 20.6
0036978499 10.6
0036510725 20.7
0036207476 6.8
0036921409 2.6
0036042151 21.6
0036131811 23.1
0036441989 1.6
0036283476 18.3
0036328512 12.4
0036863240 6.2
0036220105 14.7
0036966196 13.0
0036369208 1.1
0036852455 11.0
0036554407 14.2
0036324980 16.7
0036142314 6.4
0036477515 22.1
0036837814 16.0
0036539757 8.0
0036697549 21.9
0036467201 16.0
0036852774 18.9
0036011905 8.4
0036950755 19.8
0036529821 18.6
0036162360 13.1
0036895174 11.6
0036695984 4.7
0036971710 15.4
0036059134 1.8
0036626388 17.9
0036399791 7.5
0036490600 17.3
0036185304 17.3
0036161122 14.5
0036868236 12.5
0036491594 2.7
0036102736 19.3
0036721382 9.8
0036184720 2.2
0036473710 23.2
0036177293 5.3
0036135782 12.7
0036294454 21.3
0036374110 8.4
0036490484 11.6
0036568092 24.0
0036178046 4.1
0036034333 4.9
0036880700 22.7
0036175316 21.9
0036868553 22.6
0036432828 20.5
0036934795 15.6
0036706872 7.1
0036416806 13.8
0036205574 16.2
0036942619 2.5
0036628223 4.5
0036595790 3.4
0036853210 11.4
0036980224 17.9
0036843118 23.5
0036781482 5.1
0036770143 13.9
0036962392 18.6
0036325393 8.4
0036125925 13.2
0036010155 19.3
0036432349 6.8
0036302943 14.5
0036578199 21.3
0036909342 12.0
0036493878 3.1
0036694754 15.6
0036526653 5.0
0036708071 4.9
