0036742787 17.1
0036432349 22.4
0036199138 1.8
0036069013 2.3
0036131811 23.5
0036231702 20.7
0036361525 10.6
0036488932 11.3
0036578140 22.3
0036594150 19.5
0036534740 22.0
0036649539 2.0
0036472213 23.0
0036935021 1.0
0036070714 22.1
0036498042 7.2
0036591090 13.1
0036601056 7.8
0036249782 2.2
0036051372 14.7
0036051904 3.2
0036390343 20.3
0036333030 14.9
0036182064 9.6
0036166702 21.8
0036011905 6.3
0036782218 10.1
0036960169 20.8
0036493878 13.8
0036959023 2.4
0036506758 3.7
0036650743 16.2
0036677693 10.4
0036376088 10.9
0036626388 20.2
0036742782 10.2
0036135884 21.8
0036950755 1.5
0036096945 8.2
0036035172 15.4
0036284693 5.3
0036721382 13.1
0036102736 13.9
0036263559 13.5
0036532715 5.9
0036075101 1.2
0036075258 17.4
0036694017 4.9
0036171703 15.7
0036052421 6.3
0036679951 20.7
0036934795 0.1
0036431635 18.2
0036953603 22.5
0036042260 19.2
0036374110 1.8
0036256208 22.4
0036770143 16.5
0036964235 12.0
0036472476 15.3
0036779972 16.5
0036529821 2.8
0036938357 15.0
0036876165 0.9
0036103830 14.6
0036686263 13.8
0036720148 23.2
0036363066 13.9
0036383247 20.5
0036868236 4.1
0036372925 11.5
0036952710 5.2
0036458547 8.8
0036924294 19.4
0036868731 22.5
0036835698 1.7
0036267383 23.6
0036956650 6.8
0036299146 11.6
0036566906 16.9
0036931178 14.0
0036467212 20.1
0036980086 10.5
0036059134 20.0
0036185195 6.9
0036195720 22.3
