0036185195 10.0
0036641563 20.1
0036966196 20.0
0036428149 11.8
0036003701 6.6
0036763231 23.4
0036995974 2.1
0036369414 9.2
0036849080 5.2
0036554407 13.6
0036506758 5.7
0036046628 22.6
0036593963 12.4
0036708071 8.8
0036249782 16.8
0036390343 24.0
0036162360 6.9
0036183138 5.1
0036697549 9.4
0036075258 6.2
0036717778 23.9
0036830890 1.9
0036588904 20.8
0036182585 11.4
0036035172 3.0
0036868923 17.2
0036543423 23.1
0036781482 7.6
0036789020 22.7
0036947144 7.6
0036782218 18.3
0036977378 11.7
0036304875 19.1
0036868731 1.3
0036490600 9.8
0036931178 3.6
0036958009 10.0
0036621902 2.9
0036858565 1.4
0036394663 4.0
0036231702 18.9
0036499988 16.9
0036623298 18.3
0036733154 5.6
0036481021 9.5
0036199138 3.7
0036022006 22.3
0036787709 17.9
0036603315 15.6
0036167940 7.5
0036059134 6.9
0036042151 14.7
0036031042 2.3
0036535731 0.8
0036541716 3.8
0036231890 3.4
0036451202 13.9
0036608722 9.4
0036294454 17.5
0036779972 23.4
0036324980 12.7
0036052348 8.7
0036566906 20.1
0036183851 21.5
0036271420 10.6
0036594150 4.4
0036426273 6.6
0036261482 2.3
0036321450 5.7
0036272921 15.3
0036852455 10.3
0036216214 15.0
