0036175316 5.8
0036372925 18.8
0036441753 23.4
0036554333 10.4
0036415904 19.0
0036903781 15.1
0036971710 10.5
0036649539 9.2
0036491594 14.2
0036284693 9.5
0036287035 20.9
0036977378 0.6
0036369414 1.0
0036567164 20.3
0036011305 6.1
0036086875 17.2
0036510725 16.2
0036051904 1.6
0036135433 20.2
0036482534 10.3
0036445738 12.6
0036946884 2.5
0036547455 15.1
0036980524 11.8
0036210224 0.6
0036966196 20.1
0036621902 8.6
0036015013 10.7
0036717208 23.3
0036763626 9.9
0036390343 20.5
0036942619 16.1
0036694754 16.2
0036505013 2.8
0036481021 23.8
0036046628 20.1
0036028963 13.8
0036336753 23.3
0036134647 13.5
0036493878 16.1
0036653947 22.7
0036488932 10.2
0036015791 6.2
0036695452 10.3
0036938357 7.8
0036205574 6.8
0036096944 8.7
0036000242 5.8
0036868553 19.5
0036958009 8.9
0036895174 2.9
0036325393 4.4
0036816785 16.9
0036742926 2.3
0036431635 18.3
0036733154 2.9
0036042151 23.9
0036472213 22.8
0036217536 9.0
0036183138 16.8
0036199138 18.5
0036051372 2.5
0036733521 21.5
0036174971 13.8
0036015763 4.6
0036249782 2.0
0036837814 6.3
0036266428 9.6
0036441205 1.2
0036271420 12.9
0036981839 17.7
0036978499 11.6
0036554407 23.8
0036884765 0.1
0036896083 19.2
0036717778 16.0
0036063984 6.2
0036487074 21.2
0036427783 5.6
0036499058 13.2
0036448551 15.2
0036177293 0.6
