0036499355 20.7
0036988780 21.6
0036944776 1.6
0036215455 19.5
0036915027 16.5
0036695984 8.1
0036547455 18.9
0036161122 9.7
0036849080 7.3
0036380268 19.6
0036119921 24.1
0036601056 23.6
0036122344 7.1
0036361525 1.6
0036705668 6.3
0036849597 22.6
0036773790 6.6
0036432828 0.4
0036978499 2.9
0036484280 6.3
0036171703 7.6
0036490484 22.3
0036284693 16.0
0036498042 21.3
0036249782 10.7
0036876165 1.6
0036959023 13.1
0036739697 3.1
0036000242 1.5
0036178721 9.3
0036602935 11.3
0036728822 5.7
0036369208 5.7
0036880700 1.9
0036527647 0.4
0036097997 13.0
0036304175 23.7
0036650743 20.1
0036035172 4.1
0036324980 13.1
0036706872 5.3
0036909397 12.4
0036566906 13.9
0036545109 14.4
0036466903 21.5
0036220105 0.1
0036042260 5.2
0036051372 12.5
0036376088 17.3
0036953603 8.2
0036578140 15.2
0036383637 16.0
0036821492 13.7
0036931995 11.2
0036785319 5.5
0036031042 10.2
0036897428 13.8
0036566772 1.0
0036534740 17.1
0036383247 12.5
0036441753 9.9
0036379903 17.8
0036617051 14.2
0036419869 19.8
0036086364 13.5
0036287035 18.2
0036756171 23.0
0036995974 20.8
0036135433 21.5
0036372925 18.8
0036475122 10.1
0036781482 14.4
0036796196 20.3
0036853073 15.9
0036679951 5.2
0036543423 3.1
0036938357 9.3
0036835022 0.6
0036074630 7.2
0036468590 11.4
0036070714 0.6
0036960169 15.5
0036215313 12.1
0036398891 12.0
0036100295 5.8
0036178046 23.0
0036202354 19.1
