0036119921 3.0
0036351075 13.0
0036024069 14.9
0036789020 20.4
0036909397 0.2
0036733154 5.5
0036543423 1.2
0036499058 5.3
0036398512 23.0
0036853073 11.3
0036686263 10.1
0036960169 17.6
0036292111 20.2
0036383247 23.9
0036024879 13.8
0036568092 13.9
0036266511 13.4
0036267383 6.2
0036046628 20.4
0036959023 13.5
0036185304 11.0
0036958906 19.1
0036208405 11.9
0036852352 23.1
0036935253 18.6
0036837814 1.2
0036481021 15.3
0036335258 0.8
0036532178 6.8
0036896083 22.4
0036650743 20.5
0036852896 18.7
0036763626 21.6
0036505013 2.1
0036686180 7.0
0036964235 9.3
0036730195 2.5
0036770143 17.4
0036858565 4.0
0036588904 8.1
0036007181 7.9
0036779972 5.4
0036903781 11.3
0036956650 23.2
0036539681 1.0
0036611648 22.6
0036106998 12.5
0036011905 15.6
0036835022 19.0
0036510725 4.6
0036394663 21.0
0036950683 14.6
0036101956 13.9
0036448551 9.2
0036587857 5.2
0036034333 9.2
0036591090 14.2
0036086364 17.1
0036566772 4.4
0036102736 11.7
0036361525 16.6
0036167940 0.9
0036991324 23.4
0036263559 2.0
0036249782 5.4
0036700603 9.5
0036499355 4.1
0036793868 17.9
0036441205 3.7
0036725756 21.1
0036554333 7.5
0036966196 15.0
0036868236 3.0
