0036950755 4.0
0036506758 22.6
0036202354 9.2
0036902188 1.6
0036086364 23.0
0036215313 5.2
0036852455 18.8
0036161122 20.6
0036021865 1.8
0036086875 17.0
0036868731 5.8
0036214959 7.7
0036441753 18.1
0036171703 17.9
0036662883 9.2
0036363066 4.6
0036225241 0.8
0036415904 6.9
0036379518 20.8
0036052421 8.2
0036075258 10.8
0036777613 7.4
0036007181 10.2
0036728822 21.4
0036763626 1.0
0036793868 20.0
0036416806 4.6
0036967139 23.1
0036216214 13.6
0036431635 4.2
0036182585 22.4
0036178721 20.7
0036103830 6.5
0036505013 24.0
0036621902 2.1
0036510725 6.4
0036015763 3.6
0036779972 1.1
0036070714 12.7
0036830890 23.2
0036696953 15.1
0036796196 22.9
0036697549 15.5
0036472476 9.3
0036075101 11.1
0036137028 4.6
0036351075 10.7
0036174971 5.6
0036283476 18.5
0036716781 0.6
0036566906 9.4
0036046628 10.8
0036182064 8.1
0036207476 14.8
0036863240 13.9
0036835698 14.8
0036035172 8.5
0036979963 8.1
0036934473 20.9
0036656668 9.8
0036915027 23.3
0036383637 4.5
0036686472 21.5
0036231702 21.3
0036432828 19.1
0036223216 16.5
0036868923 17.4
0036566772 2.2
0036539757 8.8
0036656089 8.4
0036891669 8.4
0036868236 8.0
0036432349 22.2
0036587857 4.1
0036729624 6.1
0036619539 6.3
0036390343 5.2
0036761536 7.5
0036097997 0.5
0036742782 7.6
0036782218 11.9
0036419869 1.1
0036987587 18.1
0036321450 16.3
0036398512 23.7
0036245199 8.7
0036995968 15.3
0036929712 6.9
0036467212 10.8
0036529821 22.0
0036578140 24.1
0036304875 2.2
0036628223 23.9
0036068565 8.0
0036868553 19.1
0036909397 6.3
0036324980 21.0
0036971710 10.3
0036166702 20.8
0036617051 22.8
0036135782 4.7
0036773790 4.8
0036134647 18.3
0036424798 17.6
0036178046 18.2
0036938357 4.6
0036623298 19.5
0036142314 18.5
0036677693 17.4
0036798775 0.9
0036472213 17.9
0036591090 20.3
0036980224 10.0
0036331378 16.0
0036978499 9.9
0036991085 6.4
0036119921 10.4
0036483258 15.5
0036374388 14.2
0036011905 24.0
0036205885 17.7
0036466966 10.3
0036828556 1.5
0036288439 19.6
0036549556 18.1
0036360218 22.6
0036131811 3.0
0036231890 4.1
0036923779 6.1
0036543423 0.1
0036052348 1.6
0036517390 23.3
