0036059134 15.4
0036304175 12.3
0036467212 0.9
0036852352 9.1
0036593963 16.2
0036118545 23.3
0036581773 7.0
0036052348 6.4
0036271420 13.0
0036472213 18.1
0036966196 7.2
0036283476 2.3
0036535731 1.9
0036607582 18.6
0036773790 14.1
0036499355 19.4
0036547455 11.3
0036621902 17.7
0036199138 7.0
0036967139 9.0
0036653947 16.6
0036065971 6.9
0036980086 11.8
0036539757 6.4
0036587857 3.8
0036742787 12.7
0036175316 8.6
0036007181 6.2
0036034333 12.7
0036897428 9.9
0036611648 1.3
0036481260 22.7
0036619523 19.6
0036730195 15.5
0036205574 0.7
0036481021 14.3
0036390343 12.7
0036852455 17.0
0036876165 7.6
0036051904 17.6
0036046057 7.0
0036231890 11.1
0036086364 15.5
0036103830 20.0
0036178046 15.6
0036959023 10.2
0036510725 8.1
0036505013 14.2
0036122344 21.0
0036374110 21.8
0036981839 8.4
0036236443 15.3
0036717208 8.6
0036256293 3.4
0036095398 3.2
0036135884 1.4
0036761536 22.1
0036721382 1.3
0036617051 8.0
0036868923 19.1
0036628223 2.7
0036433795 12.2
0036956650 4.5
0036022006 13.6
0036554333 2.8
0036922641 18.0
0036305377 4.3
0036705668 20.3
0036075101 9.1
0036057016 8.0
0036695452 9.4
0036238923 21.4
0036868731 10.0
0036010155 12.8
0036070714 16.5
0036207476 11.7
0036821492 21.2
0036883230 20.4
0036517390 12.7
0036756171 10.0
0036363066 19.9
0036483258 1.2
