0036857966 13.3
0036100295 17.2
0036770143 8.3
0036369414 19.3
0036934067 24.1
0036991085 2.6
0036205885 21.8
0036578199 22.4
0036728822 4.8
0036202354 11.1
0036696953 17.4
0036956650 7.9
0036102736 24.0
0036177293 21.8
0036849597 7.4
0036387634 6.3
0036921409 16.0
0036394663 14.8
0036510725 0.4
0036720148 13.7
0036499988 0.7
0036432349 18.9
0036950683 14.0
0036417974 2.7
0036441989 3.7
0036138230 9.2
0036849751 10.6
0036118545 13.2
0036007181 8.2
0036217536 18.2
0036216401 2.7
0036362843 22.3
0036097997 14.6
0036833257 2.7
0036096945 19.7
0036722555 9.1
0036468590 10.2
0036190577 17.6
0036578140 6.2
0036868731 16.5
0036178046 2.7
0036223216 1.8
0036837814 21.1
0036706872 17.8
0036333030 17.8
0036796196 21.6
0036445738 21.7
0036619523 12.9
0036361525 21.2
0036174971 19.8
0036399791 10.4
0036158121 10.6
0036953603 5.9
0036950755 15.1
0036779972 8.9
0036979963 8.2
0036175316 1.3
0036924294 9.4
0036215455 24.1
0036529821 6.7
0036868553 11.0
0036287035 9.4
0036765689 17.4
0036789020 7.8
0036595790 16.0
0036231890 4.0
0036868923 2.0
0036010155 11.2
0036388014 9.5
0036947144 20.6
0036995974 14.1
0036215313 2.6
0036292111 16.2
0036488932 4.3
0036498042 3.7
0036466903 4.1
0036451202 13.1
0036015791 15.4
0036853073 20.9
0036272921 3.7
0036858565 18.4
0036308071 18.5
0036473710 7.9
0036763231 22.5
0036512729 7.3
0036266511 23.0
0036171703 10.9
0036656089 15.0
0036650743 10.0
0036415904 12.3
0036178721 7.4
0036623298 21.4
0036399903 16.0
0036502754 1.8
0036086364 0.0
0036294454 1.0
0036602935 22.8
0036581773 15.4
0036733154 1.5
0036428149 15.5
0036816785 17.6
0036729624 2.5
0036335258 3.8
0036427783 21.2
0036374110 9.3
0036909342 6.6
0036952710 7.3
0036021634 0.0
0036763626 7.5
0036938357 14.9
0036242993 4.2
0036261482 15.7
0036284693 7.3
0036798775 4.4
0036760802 19.0
0036628223 9.7
0036621902 9.6
