0036929712 10.1
0036921409 11.0
0036568092 23.4
0036024879 21.7
0036781482 4.4
0036336753 18.2
0036946884 18.4
0036195720 11.7
0036245199 15.0
0036161122 8.7
0036617629 16.2
0036656668 17.6
0036588904 16.0
0036632817 9.9
0036068565 9.1
0036868923 22.7
0036363066 4.4
0036891486 16.2
0036025374 23.5
0036074630 7.8
0036567164 23.7
0036607582 13.1
0036858565 7.6
0036432828 10.1
0036724871 14.6
0036135782 21.9
0036857966 9.1
0036601056 14.7
0036950683 15.8
0036828556 9.5
0036468590 19.8
0036097997 23.8
0036261482 3.0
0036223216 3.8
0036641563 3.6
0036760802 10.0
0036547455 14.2
0036833257 14.1
0036934473 0.2
0036183851 2.0
0036554407 22.3
0036021634 10.0
0036011305 10.8
0036742926 0.9
0036185195 4.9
0036131811 0.8
0036335258 2.3
0036653947 14.0
0036288439 18.5
0036721382 1.0
0036249782 17.5
0036694017 0.2
0036853210 22.6
0036660426 7.3
0036427783 0.9
0036472213 7.5
0036578140 15.0
0036532715 16.0
0036686180 3.3
0036444373 12.2
0036242993 0.3
0036361525 24.0
0036729624 23.7
0036549556 4.5
0036477515 8.0
0036231890 14.7
0036695452 18.4
0036526653 19.5
