0036432349 16.2
0036263559 19.7
0036424798 8.3
0036202354 18.7
0036035172 8.9
0036529821 9.8
0036463193 21.7
0036441753 11.2
0036488932 6.6
0036369414 15.1
0036987587 21.4
0036324980 2.8
0036249782 15.6
0036363066 5.4
0036325393 18.9
0036301959 18.4
0036979963 22.5
0036527647 13.2
0036166702 11.6
0036135884 11.4
0036223216 11.5
0036891669 15.8
0036104590 10.2
0036779972 8.2
0036358295 4.7
0036977378 15.9
0036466903 15.0
0036499058 22.6
0036398891 18.2
0036587857 18.2
0036635533 18.7
0036781482 22.6
0036591090 16.8
0036419869 0.1
0036868731 23.1
0036024879 1.6
0036567588 3.0
0036816785 12.7
0036581773 20.6
0036760802 19.5
0036512729 20.5
0036283113 3.3
0036042151 2.1
0036399903 20.4
0036686472 6.9
0036362843 4.4
0036472213 5.2
0036991085 1.5
0036021634 0.2
0036950683 6.9
0036447723 9.2
0036010155 8.2
0036046057 19.6
0036677693 24.1
0036188979 20.6
0036086364 2.9
0036602935 13.0
0036517390 11.5
0036934473 1.8
0036415904 7.0
0036902188 15.5
0036578199 4.5
0036360218 18.3
0036388014 15.4
0036968138 14.3
0036483258 3.6
0036934067 5.6
0036119921 7.9
0036721382 15.0
0036467201 23.1
0036849080 19.5
0036022006 20.8
0036184720 0.1
0036964235 4.7
0036722555 16.5
0036887451 8.1
0036789020 17.3
0036266511 11.7
0036931995 4.3
0036011305 17.1
0036131811 16.2
0036978499 16.2
0036499355 5.1
0036467212 19.4
0036042260 4.9
0036441205 8.4
0036465579 14.1
0036015763 10.3
0036591158 13.2
0036853210 13.7
0036015791 13.9
0036880700 3.9
0036686263 11.9
0036793868 12.7
0036568092 16.4
0036185195 2.4
0036706872 23.4
0036070714 23.6
0036177293 3.1
0036142314 20.5
0036821492 19.8
0036097997 5.8
0036223734 18.7
0036398512 19.8
0036482701 6.2
0036617629 10.2
0036700603 7.5
0036545109 6.8
0036063984 7.5
0036656668 4.5
0036473710 8.5
0036660426 7.9
0036632817 9.2
0036231890 5.4
0036431635 1.3
0036491594 6.1
0036134647 18.7
0036763626 3.7
0036852455 1.0
0036122344 13.7
0036158121 7.8
0036484280 12.9
0036302943 20.4
0036068565 3.4
0036028963 22.9
0036034333 15.5
0036626388 1.6
0036374388 16.5
0036446507 5.1
0036696953 23.0
0036966196 16.4
0036207476 8.1
0036235501 22.3
0036482534 8.6
0036445738 6.4
0036733154 20.7
0036939257 1.7
0036261482 13.3
0036935253 14.1
