0036686263 16.6
0036821492 15.2
0036630357 20.2
0036059181 16.0
0036285335 18.3
0036374388 15.5
0036722555 15.3
0036935021 17.1
0036214959 15.3
0036426273 23.6
0036946884 7.8
0036417974 16.2
0036796196 20.6
0036467212 15.3
0036183851 19.9
0036793868 15.9
0036909342 14.8
0036331378 11.5
0036554333 8.9
0036884765 1.0
0036236443 10.4
0036419869 8.7
0036765689 11.0
0036267383 13.1
0036849751 21.4
0036505013 22.7
0036302943 12.7
0036447723 9.2
0036379903 2.7
0036980524 16.4
0036958906 24.0
0036467201 10.4
0036205574 19.1
0036921409 0.8
0036909397 9.0
0036852352 4.5
0036549556 12.7
0036591090 8.8
0036312466 16.7
0036225241 5.0
0036075258 1.2
0036729624 11.5
0036891669 13.0
0036991085 1.4
0036798775 18.9
0036566906 7.0
0036465579 20.6
0036052348 6.9
0036591158 5.5
0036853073 12.3
0036849080 20.5
0036477515 0.1
0036205885 20.3
0036431635 2.9
0036695452 8.0
0036238923 1.1
0036380268 15.1
0036063984 15.8
0036464022 7.0
0036595790 21.7
0036859199 24.0
0036876165 2.0
0036175316 22.0
0036256293 23.5
0036991324 11.0
0036441753 18.7
0036190577 9.3
0036328512 9.8
0036374110 15.0
0036284693 20.6
0036694017 0.3
0036021634 14.6
0036724871 8.3
0036499058 22.6
0036728822 18.1
0036541716 18.9
0036567164 9.0
0036299146 11.1
0036383637 13.6
