0036779972 6.7
0036498042 2.4
0036046057 23.4
0036769169 2.2
0036301959 9.5
0036188979 9.1
0036441753 21.7
0036285335 22.5
0036934473 23.4
0036441205 6.9
0036568092 8.1
0036883230 6.7
0036526653 9.8
0036686472 6.7
0036383637 4.1
0036467201 13.8
0036626388 5.2
0036052348 5.7
0036106998 18.9
0036630357 13.5
0036852352 18.5
0036473710 10.8
0036428149 9.6
0036897428 12.9
0036266511 19.2
0036987587 8.3
0036205574 6.3
0036207476 2.2
0036447723 10.1
0036034333 21.8
0036010155 10.7
0036333030 5.4
0036789020 8.8
0036431635 15.5
0036387634 10.6
0036921409 3.3
0036267383 19.6
0036730195 22.2
0036459351 12.1
0036021865 11.1
0036499058 11.5
0036458547 16.8
0036466903 2.0
0036821492 3.0
0036184720 7.0
0036466966 5.5
0036705668 6.6
0036912900 22.6
0036649539 21.0
0036135433 5.7
0036095398 4.9
0036849597 16.0
0036432828 15.4
0036220105 4.7
0036380268 14.6
0036773790 15.6
0036499355 17.1
0036587857 7.6
0036312466 2.5
0036694017 17.9
0036490600 10.3
0036134647 1.0
0036896083 12.0
0036374110 5.2
0036051372 10.8
0036324980 1.1
0036931178 18.5
0036959023 7.9
0036852896 5.1
0036656668 22.9
0036978499 11.7
0036379518 0.7
0036650743 15.5
0036369414 18.7
0036706872 22.7
0036021634 8.7
0036488932 10.3
0036958906 1.2
0036046628 22.8
0036950683 8.7
0036182064 17.5
0036510725 4.1
0036967139 11.7
0036505013 21.0
0036216214 5.3
0036946884 9.9
0036177293 19.7
0036549556 12.0
0036074630 14.2
0036964235 12.9
0036785319 22.5
0036939257 20.2
0036980224 6.2
0036335258 9.7
0036763626 20.8
0036601056 10.9
0036721382 6.2
0036256208 3.9
