0036947144 5.8
0036190577 0.8
0036517390 17.2
0036046057 7.0
0036175316 6.5
0036135782 17.4
0036619523 6.0
0036103830 20.0
0036046603 18.3
0036283113 15.2
0036686180 20.1
0036849080 0.5
0036770143 20.0
0036336753 9.8
0036977378 14.8
0036777613 22.1
0036399903 0.6
0036505013 22.9
0036096945 13.9
0036725756 14.7
0036779972 13.4
0036235501 13.0
0036935253 7.8
0036075101 17.0
0036980086 1.9
0036183138 5.9
0036182064 1.3
0036242993 11.0
0036483258 5.4
0036202354 6.9
0036541716 12.9
0036059134 22.7
0036835022 4.4
0036024879 19.0
0036852774 20.6
0036195720 6.3
0036119921 20.9
0036641563 21.1
0036720148 6.1
0036967139 23.0
0036729624 17.4
0036360218 22.6
0036210224 21.0
0036284693 14.1
0036069013 10.4
0036796196 23.1
0036656668 5.7
0036481260 4.0
0036158121 11.0
0036431635 13.3
0036032263 20.6
0036482534 17.4
0036995968 4.4
0036095398 3.8
0036467201 5.8
0036706872 7.0
0036880700 17.3
0036979963 13.0
0036031042 23.5
0036369414 2.6
0036231890 0.6
0036488932 21.8
0036672603 23.0
0036988780 7.6
0036335258 12.9
0036554407 21.8
0036980524 13.1
0036042260 16.6
0036177293 6.4
0036857966 6.7
0036223216 13.5
0036493878 5.0
0036868236 22.7
0036922641 17.5
0036931178 20.9
0036909342 23.8
0036952710 11.7
0036968138 0.9
0036694017 0.1
0036655184 1.3
0036733154 17.9
0036635533 21.5
0036705668 0.4
0036216401 7.6
0036288439 16.9
0036188979 18.8
0036467212 9.0
0036981839 20.3
0036837814 2.6
0036934067 18.8
0036853210 6.6
0036650743 13.4
0036695452 13.4
0036261482 11.6
0036535731 3.4
0036415904 20.8
0036742782 10.1
0036379518 13.8
0036782218 15.4
0036413738 10.0
0036763626 5.6
0036958009 2.5
0036362843 16.2
0036532715 6.2
0036677693 6.0
0036946884 9.9
0036578140 9.1
0036266428 17.2
0036502754 7.6
0036266511 7.6
0036216214 19.1
0036987587 23.7
0036978499 15.2
0036217536 15.4
0036816785 2.8
0036104590 2.2
0036692738 8.4
0036000324 21.7
0036304875 8.4
0036135884 0.1
0036883230 23.3
0036868923 1.3
0036459351 4.5
0036249782 18.1
0036374110 23.5
0036733521 14.1
0036441989 12.3
0036063984 7.1
0036567164 9.9
0036463193 0.7
0036730195 11.6
0036980224 18.1
0036966196 5.1
0036539681 0.2
0036445738 16.2
0036183851 17.3
0036628223 20.3
0036369208 12.4
0036185195 9.8
0036554333 7.2
0036623298 1.8
0036372925 5.4
0036387634 6.7
0036477515 7.8
0036182585 18.4
0036466903 7.1
0036891669 1.8
0036245199 9.7
0036765689 4.0
0036887451 16.4
