0036360218 14.2
0036399791 22.0
0036567164 14.2
0036677693 21.7
0036769169 20.1
0036502754 20.6
0036968138 6.1
0036517390 21.7
0036922641 16.2
0036182064 21.9
0036351075 12.8
0036903781 7.9
0036432828 1.4
0036821492 18.7
0036042151 17.5
0036387634 5.3
0036971710 4.4
0036182585 11.5
0036830890 2.2
0036541716 20.4
0036934795 3.7
0036557377 4.0
0036853073 19.1
0036484280 17.5
0036069013 10.6
0036167940 0.7
0036011905 19.0
0036245199 5.4
0036003701 22.2
0036171703 15.4
0036101956 0.1
0036413738 2.0
0036717208 5.8
0036225241 8.2
0036981839 5.4
0036724871 6.2
0036770143 17.5
0036324980 18.7
0036566906 15.2
0036214959 14.1
0036595790 11.4
0036837814 12.5
0036096944 22.6
0036962392 8.6
0036909342 23.8
0036102736 12.0
0036921409 10.9
0036554407 10.7
0036465579 20.1
0036902188 1.3
0036859199 19.8
0036694017 4.7
0036964235 13.5
0036100295 14.9
0036312466 22.7
0036763626 9.8
0036441753 21.3
0036321450 2.4
0036142314 20.2
0036202354 15.1
0036742787 1.9
0036137028 18.4
0036953603 10.4
0036929712 11.6
0036635533 9.8
0036190577 8.3
0036835022 17.7
0036656089 14.8
0036884765 18.9
0036119921 8.4
0036184720 8.2
0036369414 23.2
0036601056 6.6
0036175316 18.3
0036632817 24.0
0036763231 23.4
0036445738 19.3
