0036458547 21.9
0036383247 10.0
0036903781 1.3
0036721382 15.8
0036292111 1.9
0036695984 7.6
0036059134 23.3
0036656089 15.7
0036031042 11.5
0036722555 14.2
0036608722 20.7
0036897428 12.7
0036938357 16.7
0036950755 12.2
0036302943 1.7
0036942619 0.3
0036035172 10.2
0036593963 11.4
0036266428 12.3
0036853210 15.2
0036467201 17.7
0036328512 3.3
0036398891 3.9
0036833257 16.0
0036952710 7.3
0036568092 13.1
0036567164 19.6
0036944776 20.3
0036011905 20.9
0036304875 4.9
0036785319 2.8
0036686263 11.3
0036000242 11.8
0036362843 14.8
0036131811 4.1
0036223216 24.0
0036960960 0.5
0036828556 6.7
0036238923 20.1
0036441205 4.6
0036876165 20.3
0036481260 12.0
0036708071 4.6
0036379903 4.7
0036335258 5.1
0036578140 9.2
0036499355 5.3
0036858565 3.2
0036022006 15.1
0036304175 15.5
0036369208 19.4
0036602935 18.7
0036781482 3.3
0036175316 1.3
0036770143 11.1
0036444373 23.7
0036968138 2.4
0036720148 16.0
0036482701 7.8
0036499988 22.5
0036125925 6.7
0036390343 4.4
0036988780 3.6
0036493878 1.4
0036220105 2.2
0036308071 7.0
0036294454 0.3
0036947144 3.2
0036946884 20.5
0036895174 9.2
0036024069 3.8
