0036283113 9.9
0036545109 15.8
0036424798 20.3
0036921409 4.1
0036225241 8.2
0036466903 7.5
0036628223 11.7
0036245199 18.3
0036179367 9.2
0036868236 8.7
0036097997 16.4
0036594150 6.8
0036299146 20.7
0036923779 6.5
0036938357 15.0
0036617051 12.6
0036617629 8.9
0036554407 23.1
0036835022 10.8
0036935253 13.3
0036601056 19.3
0036046628 21.0
0036567164 20.2
0036398512 10.1
0036379518 4.0
0036852896 21.2
0036760802 18.9
0036891669 12.9
0036852774 15.2
0036388014 5.3
0036498042 23.2
0036843118 0.4
0036532715 1.2
0036896083 21.1
0036283476 20.8
0036490600 15.9
0036242993 13.0
0036119921 23.1
0036742787 9.6
0036721382 12.9
0036042151 1.3
0036526653 17.7
0036158121 18.2
0036122344 0.0
0036249782 12.0
0036057016 12.0
0036593963 1.0
0036539681 9.7
0036950683 9.4
0036692738 1.1
0036578140 10.9
0036312466 18.6
0036428149 13.0
0036208233 2.9
0036142314 10.7
0036985227 13.4
0036722555 3.8
0036543423 9.3
0036849597 15.7
0036956650 5.4
0036980086 16.8
0036934795 0.0
0036980224 19.1
0036068565 13.0
0036967139 7.3
0036216214 9.0
0036607582 12.6
0036656668 16.8
0036588904 2.1
0036380268 9.6
0036263559 18.9
0036566906 22.0
0036336753 18.2
0036220105 11.7
