0036591158 9.8
0036535731 10.4
0036953603 23.2
0036656668 22.6
0036074630 22.8
0036032263 10.1
0036626388 12.2
0036484280 14.5
0036880700 14.4
0036979963 6.8
0036578140 19.7
0036705668 6.0
0036686263 19.1
0036935253 14.1
0036545109 18.9
0036482534 20.7
0036985227 19.6
0036285335 18.1
0036649539 16.7
0036858565 17.2
0036623298 19.2
0036617629 3.7
0036499355 11.9
0036717208 0.5
0036852774 12.4
0036207476 17.4
0036863240 16.5
0036510725 10.7
0036042151 17.1
0036593963 23.1
0036263559 15.6
0036161122 21.4
0036431635 2.7
0036655184 18.1
0036922641 19.0
0036035172 6.2
0036944776 7.7
0036097997 23.0
0036724871 22.2
0036959023 9.2
0036843118 18.7
0036512729 5.5
0036958009 13.6
0036960169 1.4
0036419869 9.2
0036835022 13.4
0036952710 16.0
0036895174 18.3
0036532715 4.6
0036042260 2.4
0036021865 14.7
0036526653 20.1
0036351075 19.3
0036467212 1.1
0036249782 3.6
0036205885 3.7
0036272921 1.1
0036502754 18.8
0036015791 3.5
0036483258 1.8
0036261482 19.8
0036472213 2.9
0036467201 8.6
0036417974 2.1
0036380268 23.7
0036763626 16.1
0036199138 23.4
