0036903781 2.5
0036042151 10.2
0036190577 12.0
0036490600 18.4
0036271420 22.7
0036938357 15.1
0036700603 10.3
0036859199 21.7
0036432349 7.1
0036505136 0.0
0036052421 17.5
0036512729 20.4
0036617629 18.5
0036708071 23.5
0036931178 23.2
0036166702 4.2
0036895174 9.1
0036177293 5.2
0036283113 15.9
0036868731 4.2
0036602935 17.8
0036660426 22.1
0036000242 1.5
0036413738 21.9
0036617051 8.9
0036607582 9.2
0036880700 9.4
0036821492 11.9
0036304175 1.5
0036178721 14.3
0036119921 19.2
0036021634 0.9
0036650743 7.9
0036554333 2.6
0036947144 11.6
0036441989 0.8
0036483258 23.3
0036024879 21.9
0036883230 13.0
0036934067 22.9
0036472476 21.5
0036086875 12.5
0036532178 10.2
0036325393 15.3
0036837814 2.9
0036417974 6.7
0036593963 4.9
0036853210 4.6
0036578199 18.6
0036484280 21.3
0036138230 18.5
0036096944 2.0
0036578140 1.4
0036256293 0.8
0036292111 2.7
0036158121 20.9
0036135433 14.2
0036628223 10.4
0036962392 12.3
0036063984 14.2
0036796196 19.3
0036721382 21.4
0036231702 7.5
0036369208 12.6
0036383637 8.7
0036059134 4.3
0036225241 18.2
0036362843 22.1
0036541716 19.5
0036178046 11.9
0036215455 18.9
0036171703 23.4
