0036142314 13.7
0036122344 17.7
0036231702 4.3
0036380268 21.8
0036235501 6.0
0036617051 11.2
0036781482 19.3
0036220105 24.1
0036249782 0.6
0036717778 20.5
0036950683 3.6
0036852896 17.0
0036162360 3.9
0036619523 1.7
0036174971 13.9
0036947144 3.0
0036619539 3.7
0036971710 21.8
0036934473 11.2
0036445738 0.5
0036883230 22.1
0036231890 17.7
0036369414 9.7
0036215455 14.3
0036821492 20.6
0036987587 4.7
0036510725 15.8
0036010155 12.0
0036733154 7.0
0036459351 14.3
0036720148 11.5
0036177293 18.6
0036765689 20.9
0036383637 16.6
0036288439 11.5
0036305377 15.6
0036938357 2.4
0036789873 17.8
0036876165 19.7
0036065971 5.5
0036934795 21.1
0036021865 7.3
0036267383 1.3
0036981839 14.2
0036007181 1.3
0036059181 24.0
0036760802 2.9
0036493878 7.2
0036374110 9.8
0036924294 13.2
0036217536 16.8
0036828556 18.8
0036333030 4.4
0036857966 1.2
0036208405 16.2
0036285335 7.9
0036433795 13.2
0036588904 2.9
0036046628 12.1
0036188979 4.2
0036477515 14.4
0036100295 0.2
0036360218 7.5
0036351075 8.9
0036003701 23.8
0036167940 12.8
0036398512 7.5
0036554407 11.7
0036761536 9.4
0036499058 22.8
0036481021 17.5
0036245199 5.0
0036178046 11.3
0036763231 16.5
0036696953 14.5
0036773790 8.8
0036468590 19.1
0036032263 16.9
0036216401 14.6
0036137028 21.1
0036891669 21.8
0036074630 3.3
0036782218 14.4
0036266511 5.0
0036059134 17.4
0036131811 20.2
0036441205 9.2
