0036216214 20.2
0036065971 1.5
0036733521 6.2
0036003701 19.1
0036125925 17.6
0036601056 2.5
0036106998 20.1
0036445738 22.5
0036505136 8.8
0036287035 8.4
0036833257 6.5
0036857966 23.0
0036199138 23.9
0036962392 6.9
0036182585 12.9
0036231890 6.0
0036505013 18.9
0036482534 15.3
0036271420 6.8
0036660426 18.7
0036506758 0.9
0036490600 6.8
0036380268 22.9
0036769169 7.3
0036950683 15.2
0036539681 15.9
0036956650 13.7
0036852352 17.7
0036909397 5.0
0036024879 10.8
0036677693 15.5
0036021865 14.6
0036922641 23.3
0036934473 10.1
0036545109 1.1
0036617629 1.3
0036158121 6.6
0036777613 16.4
0036587857 20.1
0036985227 8.6
0036351075 2.9
0036853073 17.7
0036700603 11.2
0036991085 0.1
0036245199 13.1
0036686472 2.7
0036015763 23.8
0036977378 3.8
0036074630 23.9
0036448551 16.1
0036161122 6.7
0036641563 12.6
0036428149 20.8
0036416806 5.1
0036549556 14.3
0036188979 14.2
0036782218 15.0
0036960169 9.6
0036134647 18.1
0036424798 8.6
0036390343 5.3
0036510725 1.4
0036011305 6.4
0036692738 21.2
0036212629 19.7
0036441205 2.8
0036923779 11.5
0036451202 18.9
0036852774 19.2
0036603315 9.7
0036118545 18.5
0036535731 15.1
0036739697 11.2
0036432349 17.3
0036742782 1.2
0036284693 16.4
0036868553 16.0
0036686263 14.8
0036015791 22.6
0036868236 22.7
0036096944 13.1
0036024069 12.3
