0036931178 7.9
0036980086 21.7
0036318764 7.6
0036722555 20.6
0036220105 16.8
0036539681 14.8
0036466966 16.4
0036981839 13.5
0036131811 21.7
0036763626 0.1
0036185195 14.7
0036271420 8.5
0036987587 12.5
0036773790 13.6
0036798775 9.8
0036398891 18.9
0036729624 8.5
0036915027 19.3
0036448551 19.3
0036578199 8.5
0036362843 19.5
0036510725 15.2
0036967139 1.9
0036549556 20.9
0036369208 6.8
0036656089 19.0
0036195720 7.2
0036895174 2.7
0036980224 6.8
0036601056 1.3
0036205885 11.5
0036419869 17.8
0036857966 10.1
0036706872 12.7
0036557377 22.7
0036138230 0.9
0036566906 8.2
0036399903 11.2
0036760802 16.1
0036903781 23.0
0036484280 11.6
0036208405 8.6
0036978499 13.8
0036849597 5.4
0036256293 4.2
0036660426 15.8
0036934067 21.2
0036096944 8.0
0036299146 0.9
0036739697 18.5
0036057016 1.4
0036724871 0.3
0036214959 11.4
0036052421 13.0
0036595790 14.6
0036543423 20.5
0036333030 14.7
0036288439 2.5
0036261482 4.1
0036868236 16.7
0036924294 23.7
0036868553 17.8
0036267383 19.5
0036952710 6.8
0036697549 22.1
0036137028 12.1
0036374110 2.1
0036938357 15.9
0036960960 4.0
