0036125925 10.7
0036641563 14.0
0036529821 19.7
0036733154 4.1
0036467212 17.5
0036000324 6.8
0036502754 22.0
0036853073 14.8
0036466903 5.3
0036686472 11.1
0036174971 19.1
0036868731 17.3
0036285335 21.9
0036178046 1.3
0036266511 17.0
0036245199 12.2
0036498042 11.4
0036858565 15.9
0036756171 17.4
0036946884 18.8
0036716781 11.2
0036493878 5.1
0036876165 7.1
0036363066 22.6
0036968138 4.8
0036011305 21.7
0036034333 22.1
0036694017 20.0
0036527647 7.8
0036075101 4.4
0036505136 11.0
0036789020 6.6
0036235501 13.1
0036728822 9.3
0036849080 7.1
0036789873 19.3
0036447723 5.1
0036587857 0.4
0036361525 11.8
0036934067 9.3
0036781482 1.9
0036595790 9.9
0036388014 20.7
0036446507 15.5
0036655184 15.2
0036883230 0.8
0036656668 4.4
0036185195 23.2
0036321450 21.0
0036292111 8.3
0036895174 15.6
0036199138 22.5
0036760802 21.3
0036046603 23.0
0036231702 20.9
0036947144 6.7
0036458547 13.5
0036398512 19.3
0036024069 7.7
0036394663 19.6
0036593963 8.2
0036372925 13.5
0036220105 7.3
0036852352 6.5
0036431635 4.0
0036782218 13.0
0036532178 0.9
0036208233 4.4
0036137028 4.9
0036096944 9.7
0036742926 15.8
0036958906 11.4
0036700603 14.6
0036477515 18.6
0036708071 0.6
0036376088 5.1
0036884765 9.3
0036104590 21.0
0036852774 2.9
0036482701 23.2
0036216214 1.5
0036887451 22.7
0036171703 21.7
0036942619 8.1
0036619539 1.5
0036328512 0.3
0036417974 3.2
0036966196 21.5
