0036859199 21.2
0036325393 22.6
0036448551 14.1
0036968138 9.6
0036235501 16.3
0036042151 2.0
0036466966 9.7
0036011305 22.6
0036594150 13.7
0036730195 21.5
0036424798 21.1
0036284693 23.3
0036739697 19.0
0036695452 23.0
0036245199 19.7
0036210224 13.3
0036891486 23.7
0036852896 14.1
0036207476 10.3
0036183851 16.3
0036057016 20.4
0036441989 22.1
0036034333 19.8
0036374388 15.6
0036086875 24.1
0036554333 10.2
0036256208 3.3
0036475122 14.9
0036432349 14.2
0036960169 21.9
0036607582 20.5
0036135433 11.8
0036729624 16.1
0036880700 10.2
0036025374 5.0
0036266428 10.3
0036816785 24.1
0036653947 23.9
0036015791 0.0
0036100295 10.9
0036858565 5.2
0036835698 17.1
0036934473 21.4
0036069013 10.3
0036299146 7.7
0036947144 20.8
0036216401 2.6
0036672603 1.6
0036705668 14.9
0036534740 21.8
0036763231 19.0
0036924294 14.0
0036995968 2.7
0036242993 2.5
0036909342 10.7
0036700603 16.6
0036915027 11.0
0036087566 21.3
0036399903 20.7
0036445738 6.3
0036722555 22.6
0036931995 11.8
0036415904 23.7
0036962392 6.5
0036138230 22.7
0036190577 14.6
0036413738 0.4
0036587857 14.6
0036588904 5.4
0036505013 15.6
0036399791 4.4
0036028963 8.0
0036184720 10.0
0036158121 20.0
0036070714 23.2
0036756171 7.7
0036912900 17.4
