0036725756 16.5
0036336753 6.4
0036617629 18.2
0036032263 15.8
0036305377 6.9
0036010155 19.8
0036816785 7.4
0036075258 12.6
0036517390 13.1
0036617051 0.0
0036868923 8.6
0036266511 11.5
0036835022 20.2
0036506758 2.4
0036331378 21.2
0036505013 4.8
0036432828 12.2
0036272921 15.4
0036477515 15.3
0036447723 1.8
0036184720 12.8
0036843118 22.1
0036046603 18.5
0036677693 13.8
0036324980 14.9
0036102736 5.0
0036490484 3.7
0036650743 17.1
0036190577 1.6
0036935253 5.1
0036205885 5.2
0036015013 18.2
0036588904 1.6
0036223734 13.4
0036177293 19.6
0036662883 13.5
0036051372 6.4
0036547455 10.1
0036765689 16.6
0036465579 17.7
0036042260 16.3
0036399903 1.4
0036417974 21.6
0036527647 3.1
0036902188 20.5
0036185195 21.2
0036756171 13.3
0036073830 22.3
0036444373 0.4
0036235501 17.7
0036541716 5.1
0036135433 1.3
0036532178 20.4
0036473710 23.1
0036796196 13.1
0036185304 0.4
0036591090 21.3
0036891669 22.0
0036011905 7.9
0036069013 12.2
0036379903 17.6
0036773790 19.9
0036498042 7.1
0036716781 18.7
0036304875 9.5
0036070714 23.4
0036100295 5.7
0036686472 0.6
0036895174 22.7
0036532715 5.8
0036135884 17.6
0036566906 18.4
0036789873 18.3
0036601056 13.9
0036581773 20.9
0036981839 11.0
0036980524 23.1
0036833257 22.8
0036161122 20.6
0036220105 5.9
0036383637 11.5
0036245199 6.1
0036178046 13.1
0036934795 19.7
0036995968 16.6
0036034333 8.0
0036502754 9.2
0036543423 16.1
0036953603 4.3
0036938357 4.4
0036335258 17.1
0036578140 18.7
0036686180 12.8
0036968138 1.4
0036557377 8.9
0036318764 12.6
0036328512 21.0
0036859199 17.8
0036372925 15.3
0036463193 5.9
0036909342 12.4
0036554333 11.5
0036202354 11.8
0036466966 1.1
0036106998 14.8
0036231890 15.3
0036283476 9.4
0036182064 8.0
0036554407 6.4
0036231702 15.1
0036915027 8.2
0036415904 23.1
0036947144 16.1
0036991324 19.4
0036466903 17.0
0036057016 5.3
0036031042 17.3
0036852774 6.2
0036424798 7.6
0036103830 8.4
0036568092 20.3
0036484280 14.9
0036472476 20.9
0036828556 22.7
0036952710 11.0
0036216401 23.6
0036021865 5.5
0036042151 13.5
0036394663 23.3
0036909397 5.8
0036950683 1.1
0036883230 2.3
