0036177293 17.0
0036763626 1.4
0036444373 0.7
0036742782 10.8
0036946884 13.9
0036695984 17.6
0036868553 12.4
0036087566 1.3
0036068565 16.3
0036188979 14.6
0036853210 4.1
0036816785 9.6
0036358295 15.9
0036207476 10.3
0036360218 6.6
0036532178 2.3
0036706872 13.9
0036532715 16.6
0036730195 11.1
0036968138 16.7
0036481021 15.9
0036138230 16.4
0036512729 11.7
0036787709 21.7
0036369414 23.9
0036374388 16.3
0036980224 12.7
0036655184 23.6
0036541716 12.5
0036272921 13.8
0036475122 8.0
0036591158 22.9
0036122344 10.2
0036059181 8.0
0036447723 8.0
0036142314 0.0
0036716781 15.4
0036465579 6.5
0036876165 12.7
0036830890 8.0
0036595790 18.7
0036793868 4.8
0036131811 8.6
0036566906 8.5
0036021865 23.4
0036059134 13.2
0036724871 0.5
0036587857 3.7
0036466903 5.2
0036427783 23.6
0036301959 9.1
0036266511 13.6
0036567164 19.0
0036383637 5.3
0036708071 5.9
0036578199 8.4
0036891486 18.5
0036283476 22.5
0036351075 14.8
0036379518 12.8
0036380268 20.4
0036212629 12.0
0036481260 3.1
0036853073 18.4
0036662883 19.3
0036672603 19.3
0036490484 18.2
0036042151 20.1
0036995968 0.4
0036063984 0.0
