0036046057 12.6
0036305377 20.3
0036896083 9.7
0036379518 2.2
0036185195 17.9
0036419869 16.7
0036372925 12.4
0036880700 17.4
0036588904 19.9
0036417974 3.3
0036046628 6.6
0036472476 3.5
0036231890 8.9
0036223734 8.7
0036863240 13.0
0036835698 16.8
0036490600 18.9
0036857966 15.4
0036065971 7.6
0036782218 9.4
0036101956 14.3
0036617051 16.3
0036336753 14.5
0036301959 21.2
0036184720 14.0
0036256208 1.1
0036505136 22.4
0036475122 0.5
0036208233 11.0
0036980086 22.1
0036686180 21.1
0036849597 0.1
0036995968 5.1
0036444373 20.4
0036052421 10.9
0036021634 19.6
0036966196 19.2
0036413738 22.2
0036567164 18.0
0036868553 6.5
0036446507 7.8
0036977378 16.3
0036619539 7.0
0036458547 9.5
0036231702 5.8
0036188979 15.5
0036003701 4.2
0036852352 9.7
0036363066 5.1
0036517390 18.9
0036891486 4.3
0036724871 18.5
0036532715 8.5
0036980224 19.6
0036182585 17.4
0036617629 5.3
0036398512 6.0
0036876165 21.7
0036195720 16.2
0036177293 2.5
0036987587 12.5
0036912900 16.1
0036024879 0.5
0036946884 5.9
0036720148 8.2
0036304175 15.6
0036793868 20.5
0036161122 12.1
0036046603 5.5
0036158121 16.5
0036097997 1.9
0036958906 22.9
0036733154 19.8
0036554407 12.1
0036730195 4.4
0036539757 19.5
0036051904 5.4
0036122344 14.4
0036830890 11.0
0036073830 6.5
0036770143 0.7
0036183138 2.3
0036859199 18.5
0036502754 12.1
0036981839 20.7
