0036650743 18.5
0036931178 9.4
0036312466 21.5
0036075258 6.3
0036032263 19.8
0036134647 22.4
0036730195 0.5
0036178721 1.8
0036591158 11.5
0036532178 7.5
0036100295 9.3
0036459351 14.0
0036059134 14.9
0036887451 20.9
0036284693 19.4
0036011305 14.1
0036223216 7.6
0036649539 9.6
0036896083 9.6
0036369208 15.2
0036302943 1.1
0036085085 19.1
0036487074 10.3
0036938357 3.1
0036490600 23.2
0036182064 0.5
0036195720 11.0
0036379903 20.2
0036024069 6.8
0036697549 8.3
0036285335 12.6
0036073830 10.5
0036686263 20.4
0036763231 5.5
0036505013 20.8
0036694754 6.2
0036655184 22.2
0036891669 9.5
0036722555 0.2
0036499355 7.5
0036510725 22.8
0036760802 16.7
0036789873 18.9
0036086875 13.1
0036379518 8.1
0036959023 3.8
0036318764 12.3
0036272921 12.6
0036074630 8.7
0036934795 20.5
0036785319 2.3
0036566906 21.3
0036231702 17.6
0036266511 3.0
0036706872 7.5
0036034333 0.8
0036939257 1.3
0036981839 12.8
0036398512 7.6
0036374388 17.4
0036287035 3.2
0036179367 20.5
0036502754 12.0
0036441753 11.4
0036256293 12.2
0036522612 13.4
0036581773 23.7
0036075101 17.6
0036417974 23.9
0036024879 10.3
0036594150 4.6
0036902188 12.8
0036499988 14.0
0036087566 22.6
0036162360 14.5
